Frame,Opponent x,Opponent y,AI x,AI y,Opponent Facing,AI Facing,Opponent Action,AI Action,Opponent Action Frame,AI Action Frame,Opponent Jumps Left,AI Jumps Left,Opponent Stock,AI Stock,Opponent Percent,AI Percent,Buttons Pressed,Notes,Frame Process Time
-122,38.8,35.2,-38.8,35.2,False,True,Action.ENTRY,Action.ENTRY,-1,-1,1,1,4,4,0,0,,,
-121,38.8,35.2,-38.8,35.2,False,True,Action.ENTRY,Action.ENTRY,-1,-1,1,1,4,4,0,0,,,
-120,38.8,35.2,-38.8,35.2,False,True,Action.ENTRY,Action.ENTRY,-1,-1,1,1,4,4,0,0,,,
-119,38.8,35.2,-38.8,35.2,False,True,Action.ENTRY,Action.ENTRY,-1,-1,1,1,4,4,0,0,,,
-118,38.8,35.2,-38.8,35.244923,False,True,Action.ENTRY,Action.ENTRY_START,-1,1,1,1,4,4,0,0,,,
-117,38.8,35.2,-38.8,35.28984,False,True,Action.ENTRY,Action.ENTRY_START,-1,2,1,1,4,4,0,0,,,
-116,38.8,35.2,-38.8,35.334763,False,True,Action.ENTRY,Action.ENTRY_START,-1,3,1,1,4,4,0,0,,,
-115,38.8,35.2,-38.8,35.37968,False,True,Action.ENTRY,Action.ENTRY_START,-1,4,1,1,4,4,0,0,,,
-114,38.8,35.2,-38.8,35.424603,False,True,Action.ENTRY,Action.ENTRY_START,-1,5,1,1,4,4,0,0,,,
-113,38.8,35.242424,-38.8,35.469524,False,True,Action.ENTRY_START,Action.ENTRY_START,1,6,1,1,4,4,0,0,,,
-112,38.8,35.28485,-38.8,35.514442,False,True,Action.ENTRY_START,Action.ENTRY_START,2,7,1,1,4,4,0,0,,,
-111,38.8,35.327274,-38.8,35.559364,False,True,Action.ENTRY_START,Action.ENTRY_START,3,8,1,1,4,4,0,0,,,
-110,38.8,35.3697,-38.8,35.604282,False,True,Action.ENTRY_START,Action.ENTRY_START,4,9,1,1,4,4,0,0,,,
-109,38.8,35.412125,-38.8,35.649204,False,True,Action.ENTRY_START,Action.ENTRY_START,5,10,1,1,4,4,0,0,,,
-108,38.8,35.454548,-38.8,35.694126,False,True,Action.ENTRY_START,Action.ENTRY_START,6,11,1,1,4,4,0,0,,,
-107,38.8,35.496975,-38.8,35.739044,False,True,Action.ENTRY_START,Action.ENTRY_START,7,11,1,1,4,4,0,0,,,
-106,38.8,35.5394,-38.8,35.783966,False,True,Action.ENTRY_START,Action.ENTRY_START,8,11,1,1,4,4,0,0,,,
-105,38.8,35.581825,-38.8,35.828884,False,True,Action.ENTRY_START,Action.ENTRY_START,9,11,1,1,4,4,0,0,,,
-104,38.8,35.62425,-38.8,35.873806,False,True,Action.ENTRY_START,Action.ENTRY_START,10,11,1,1,4,4,0,0,,,
-103,38.8,35.66667,-38.8,35.918728,False,True,Action.ENTRY_START,Action.ENTRY_START,11,11,1,1,4,4,0,0,,,
-102,38.8,35.7091,-38.8,35.963646,False,True,Action.ENTRY_START,Action.ENTRY_START,11,11,1,1,4,4,0,0,,,
-101,38.8,35.751522,-38.8,36.008568,False,True,Action.ENTRY_START,Action.ENTRY_START,11,11,1,1,4,4,0,0,,,
-100,38.8,35.79395,-38.8,36.053486,False,True,Action.ENTRY_START,Action.ENTRY_START,11,11,1,1,4,4,0,0,,,
-99,38.8,35.836372,-38.8,36.098408,False,True,Action.ENTRY_START,Action.ENTRY_START,11,11,1,1,4,4,0,0,,,
-98,38.8,35.878796,-38.8,36.14333,False,True,Action.ENTRY_START,Action.ENTRY_START,11,11,1,1,4,4,0,0,,,
-97,38.8,35.921223,-38.8,36.188248,False,True,Action.ENTRY_START,Action.ENTRY_START,11,11,1,1,4,4,0,0,,,
-96,38.8,35.963646,-38.8,36.23317,False,True,Action.ENTRY_START,Action.ENTRY_START,11,11,1,1,4,4,0,0,,,
-95,38.8,36.006073,-38.8,36.278088,False,True,Action.ENTRY_START,Action.ENTRY_START,11,11,1,1,4,4,0,0,,,
-94,38.8,36.048496,-38.8,36.32301,False,True,Action.ENTRY_START,Action.ENTRY_START,11,11,1,1,4,4,0,0,,,
-93,38.8,36.09092,-38.8,36.36793,False,True,Action.ENTRY_START,Action.ENTRY_START,11,11,1,1,4,4,0,0,,,
-92,38.8,36.133347,-38.8,36.41285,False,True,Action.ENTRY_START,Action.ENTRY_START,11,11,1,1,4,4,0,0,,,
-91,38.8,36.17577,-38.8,36.45777,False,True,Action.ENTRY_START,Action.ENTRY_START,11,11,1,1,4,4,0,0,,,
-90,38.8,36.218197,-38.8,36.50269,False,True,Action.ENTRY_START,Action.ENTRY_START,11,11,1,1,4,4,0,0,,,
-89,38.8,36.26062,-38.8,36.54761,False,True,Action.ENTRY_START,Action.ENTRY_END,11,-1,1,1,4,4,0,0,,,
-88,38.8,36.303043,-38.8,36.50269,False,True,Action.ENTRY_START,Action.ENTRY_END,11,-1,1,1,4,4,0,0,,,
-87,38.8,36.34547,-38.8,36.45777,False,True,Action.ENTRY_START,Action.ENTRY_END,11,-1,1,1,4,4,0,0,,,
-86,38.8,36.387894,-38.8,36.41285,False,True,Action.ENTRY_START,Action.ENTRY_END,11,-1,1,1,4,4,0,0,,,
-85,38.8,36.43032,-38.8,36.36793,False,True,Action.ENTRY_START,Action.ENTRY_END,11,-1,1,1,4,4,0,0,,,
-84,38.8,36.472744,-38.8,36.32301,False,True,Action.ENTRY_END,Action.ENTRY_END,-1,-1,1,1,4,4,0,0,,,
-83,38.8,36.43032,-38.8,36.278088,False,True,Action.ENTRY_END,Action.ENTRY_END,-1,-1,1,1,4,4,0,0,,,
-82,38.8,36.387894,-38.8,36.23317,False,True,Action.ENTRY_END,Action.ENTRY_END,-1,-1,1,1,4,4,0,0,,,
-81,38.8,36.34547,-38.8,36.188248,False,True,Action.ENTRY_END,Action.ENTRY_END,-1,-1,1,1,4,4,0,0,,,
-80,38.8,36.303043,-38.8,36.14333,False,True,Action.ENTRY_END,Action.ENTRY_END,-1,-1,1,1,4,4,0,0,,,
-79,38.8,36.26062,-38.8,36.098408,False,True,Action.ENTRY_END,Action.ENTRY_END,-1,-1,1,1,4,4,0,0,,,
-78,38.8,36.218197,-38.8,36.053486,False,True,Action.ENTRY_END,Action.ENTRY_END,-1,-1,1,1,4,4,0,0,,,
-77,38.8,36.17577,-38.8,36.008568,False,True,Action.ENTRY_END,Action.ENTRY_END,-1,-1,1,1,4,4,0,0,,,
-76,38.8,36.133347,-38.8,35.963646,False,True,Action.ENTRY_END,Action.ENTRY_END,-1,-1,1,1,4,4,0,0,,,
-75,38.8,36.09092,-38.8,35.918728,False,True,Action.ENTRY_END,Action.ENTRY_END,-1,-1,1,1,4,4,0,0,,,
-74,38.8,36.048496,-38.8,35.873806,False,True,Action.ENTRY_END,Action.ENTRY_END,-1,-1,1,1,4,4,0,0,,,
-73,38.8,36.006073,-38.8,35.828884,False,True,Action.ENTRY_END,Action.ENTRY_END,-1,-1,1,1,4,4,0,0,,,
-72,38.8,35.963646,-38.8,35.783966,False,True,Action.ENTRY_END,Action.ENTRY_END,-1,-1,1,1,4,4,0,0,,,
-71,38.8,35.921223,-38.8,35.739044,False,True,Action.ENTRY_END,Action.ENTRY_END,-1,-1,1,1,4,4,0,0,,,
-70,38.8,35.878796,-38.8,35.694126,False,True,Action.ENTRY_END,Action.ENTRY_END,-1,-1,1,1,4,4,0,0,,,
-69,38.8,35.836372,-38.8,35.649204,False,True,Action.ENTRY_END,Action.ENTRY_END,-1,-1,1,1,4,4,0,0,,,
-68,38.8,35.79395,-38.8,35.604282,False,True,Action.ENTRY_END,Action.ENTRY_END,-1,-1,1,1,4,4,0,0,,,
-67,38.8,35.751522,-38.8,35.559364,False,True,Action.ENTRY_END,Action.ENTRY_END,-1,-1,1,1,4,4,0,0,,,
-66,38.8,35.7091,-38.8,35.514442,False,True,Action.ENTRY_END,Action.ENTRY_END,-1,-1,1,1,4,4,0,0,,,
-65,38.8,35.66667,-38.8,35.469524,False,True,Action.ENTRY_END,Action.ENTRY_END,-1,-1,1,1,4,4,0,0,,,
-64,38.8,35.62425,-38.8,35.424603,False,True,Action.ENTRY_END,Action.ENTRY_END,-1,-1,1,1,4,4,0,0,,,
-63,38.8,35.581825,-38.8,35.37968,False,True,Action.ENTRY_END,Action.ENTRY_END,-1,-1,1,1,4,4,0,0,,,
-62,38.8,35.5394,-38.8,35.334763,False,True,Action.ENTRY_END,Action.ENTRY_END,-1,-1,1,1,4,4,0,0,,,
-61,38.8,35.496975,-38.8,35.28984,False,True,Action.ENTRY_END,Action.ENTRY_END,-1,-1,1,1,4,4,0,0,,,
-60,38.8,35.454548,-38.8,35.244923,False,True,Action.ENTRY_END,Action.ENTRY_END,-1,-1,1,1,4,4,0,0,,,
-59,38.8,35.412125,-38.8,35.014923,False,True,Action.ENTRY_END,Action.FALLING,-1,1,1,1,4,4,0,0,,,
-58,38.8,35.3697,-38.8,34.554924,False,True,Action.ENTRY_END,Action.FALLING,-1,2,1,1,4,4,0,0,,,
-57,38.8,35.327274,-38.8,33.864925,False,True,Action.ENTRY_END,Action.FALLING,-1,3,1,1,4,4,0,0,,,
-56,38.8,35.28485,-38.8,32.944927,False,True,Action.ENTRY_END,Action.FALLING,-1,4,1,1,4,4,0,0,,,
-55,38.8,35.242424,-38.8,31.794928,False,True,Action.ENTRY_END,Action.FALLING,-1,5,1,1,4,4,0,0,,,
-54,38.8,35.072426,-38.8,30.414928,False,True,Action.FALLING,Action.FALLING,1,6,1,1,4,4,0,0,,,
-53,38.8,34.732426,-38.8,28.804928,False,True,Action.FALLING,Action.FALLING,2,7,1,1,4,4,0,0,,,
-52,38.8,34.222427,-38.8,26.964928,False,True,Action.FALLING,Action.FALLING,3,8,1,1,4,4,0,0,,,
-51,38.8,33.542427,-38.8,24.894928,False,True,Action.FALLING,Action.FALLING,4,1,1,1,4,4,0,0,,,
-50,38.8,32.69243,-38.8,27.2001,False,True,Action.FALLING,Action.LANDING,5,1,1,2,4,4,0,0,,,
-49,38.8,31.672428,-38.8,27.2001,False,True,Action.FALLING,Action.LANDING,6,2,1,2,4,4,0,0,,,
-48,38.8,30.482428,-38.8,27.2001,False,True,Action.FALLING,Action.LANDING,7,3,1,2,4,4,0,0,,,
-47,38.8,29.122427,-38.8,27.2001,False,True,Action.FALLING,Action.LANDING,8,4,1,2,4,4,0,0,,,
-46,38.8,27.592426,-38.8,27.2001,False,True,Action.FALLING,Action.LANDING,1,5,1,2,4,4,0,0,,,
-45,38.8,25.892426,-38.8,27.2001,False,True,Action.FALLING,Action.LANDING,2,6,1,2,4,4,0,0,,,
-44,38.8,24.022427,-38.8,27.2001,False,True,Action.FALLING,Action.LANDING,3,7,1,2,4,4,0,0,,,
-43,38.8,27.2001,-38.8,27.2001,False,True,Action.LANDING,Action.LANDING,1,8,2,2,4,4,0,0,,,
-42,38.8,27.2001,-38.8,27.2001,False,True,Action.LANDING,Action.LANDING,2,9,2,2,4,4,0,0,,,
-41,38.8,27.2001,-38.8,27.2001,False,True,Action.LANDING,Action.LANDING,3,10,2,2,4,4,0,0,,,
-40,38.8,27.2001,-38.8,27.2001,False,True,Action.LANDING,Action.LANDING,4,11,2,2,4,4,0,0,,,
-39,38.556248,27.2001,-38.8,27.2001,False,True,Action.WALK_SLOW,Action.UPSMASH,1,1,2,2,4,4,0,0,,,
-38,38.220146,27.2001,-38.8,27.2001,False,True,Action.WALK_SLOW,Action.UPSMASH,2,2,2,2,4,4,0,0,,,
-37,37.802876,27.2001,-38.8,27.2001,False,True,Action.WALK_SLOW,Action.UPSMASH,3,3,2,2,4,4,0,0,,,
-36,37.31427,27.2001,-38.8,27.2001,False,True,Action.WALK_SLOW,Action.UPSMASH,4,4,2,2,4,4,0,0,,,
-35,36.76297,27.2001,-38.8,27.2001,False,True,Action.WALK_SLOW,Action.UPSMASH,6,5,2,2,4,4,0,0,,,
-34,36.156567,27.2001,-38.8,27.2001,False,True,Action.WALK_SLOW,Action.UPSMASH,8,6,2,2,4,4,0,0,,,
-33,35.501736,27.2001,-38.8,27.2001,False,True,Action.WALK_MIDDLE,Action.UPSMASH,8,7,2,2,4,4,0,0,,,
-32,34.80434,27.2001,-38.8,27.2001,False,True,Action.WALK_MIDDLE,Action.UPSMASH,9,8,2,2,4,4,0,0,,,
-31,34.06954,27.2001,-38.8,27.2001,False,True,Action.WALK_MIDDLE,Action.UPSMASH,10,9,2,2,4,4,0,0,,,
-30,33.301857,27.2001,-38.8,27.2001,False,True,Action.WALK_MIDDLE,Action.UPSMASH,11,10,2,2,4,4,0,0,,,
-29,32.505283,27.2001,-38.8,27.2001,False,True,Action.WALK_MIDDLE,Action.UPSMASH,12,11,2,2,4,4,0,0,,,
-28,31.683313,27.2001,-38.8,27.2001,False,True,Action.WALK_MIDDLE,Action.UPSMASH,14,12,2,2,4,4,0,0,,,
-27,30.839024,27.2001,-38.8,27.2001,False,True,Action.WALK_MIDDLE,Action.UPSMASH,15,13,2,2,4,4,0,0,,,
-26,29.975117,27.2001,-38.8,27.2001,False,True,Action.WALK_MIDDLE,Action.UPSMASH,16,14,2,2,4,4,0,0,,,
-25,29.09397,27.2001,-38.8,27.2001,False,True,Action.WALK_MIDDLE,Action.UPSMASH,18,15,2,2,4,4,0,0,,,
-24,28.19767,27.2001,-38.8,27.2001,False,True,Action.WALK_MIDDLE,Action.UPSMASH,19,16,2,2,4,4,0,0,,,
-23,27.288054,27.2001,-38.8,27.2001,False,True,Action.WALK_MIDDLE,Action.UPSMASH,21,17,2,2,4,4,0,0,,,
-22,26.366734,27.2001,-38.8,27.2001,False,True,Action.WALK_MIDDLE,Action.UPSMASH,22,18,2,2,4,4,0,0,,,
-21,25.435127,27.2001,-38.8,27.2001,False,True,Action.WALK_MIDDLE,Action.UPSMASH,24,19,2,2,4,4,0,0,,,
-20,24.49448,27.2001,-38.8,27.2001,False,True,Action.WALK_MIDDLE,Action.UPSMASH,26,20,2,2,4,4,0,0,,,
-19,23.545887,27.2001,-38.8,27.2001,False,True,Action.WALK_MIDDLE,Action.UPSMASH,27,21,2,2,4,4,0,0,,,
-18,22.677294,27.2001,-38.8,27.2001,False,True,Action.KNEE_BEND,Action.UPSMASH,1,22,2,2,4,4,0,0,,,
-17,21.8887,27.2001,-38.8,27.2001,False,True,Action.KNEE_BEND,Action.UPSMASH,2,23,2,2,4,4,0,0,,,
-16,21.180107,27.2001,-38.8,27.2001,False,True,Action.KNEE_BEND,Action.UPSMASH,3,24,2,2,4,4,0,0,,,
-15,20.551514,27.2001,-38.8,27.2001,False,True,Action.KNEE_BEND,Action.UPSMASH,4,25,2,2,4,4,0,0,,,
-14,20.00292,27.2001,-38.8,27.2001,False,True,Action.KNEE_BEND,Action.UPSMASH,5,26,2,2,4,4,0,0,,,
-13,18.759796,31.3001,-38.8,27.2001,False,True,Action.JUMPING_FORWARD,Action.UPSMASH,1,27,1,2,4,4,0,0,,,
-12,17.53667,35.2301,-38.8,27.2001,False,True,Action.JUMPING_FORWARD,Action.UPSMASH,2,28,1,2,4,4,0,0,,,
-11,16.333546,38.990097,-38.8,27.2001,False,True,Action.JUMPING_FORWARD,Action.UPSMASH,3,29,1,2,4,4,0,0,,,
-10,15.150421,42.580097,-38.8,27.2001,False,True,Action.JUMPING_FORWARD,Action.UPSMASH,4,30,1,2,4,4,0,0,,,
-9,13.987297,46.000095,-38.8,27.2001,False,True,Action.JUMPING_FORWARD,Action.UPSMASH,5,31,1,2,4,4,0,0,,,
-8,12.8441725,49.250095,-38.8,27.2001,False,True,Action.JUMPING_FORWARD,Action.UPSMASH,6,32,1,2,4,4,0,0,,,
-7,11.721048,52.330093,-38.8,27.2001,False,True,Action.JUMPING_FORWARD,Action.UPSMASH,7,33,1,2,4,4,0,0,,,
-6,10.617924,55.240093,-38.8,27.2001,False,True,Action.JUMPING_FORWARD,Action.UPSMASH,8,34,1,2,4,4,0,0,,,
-5,9.5348,57.98009,-38.8,27.2001,False,True,Action.JUMPING_FORWARD,Action.UPSMASH,9,35,1,2,4,4,0,0,,,
-4,8.471675,60.55009,-38.8,27.2001,False,True,Action.JUMPING_FORWARD,Action.UPSMASH,10,36,1,2,4,4,0,0,,,
-3,7.4285502,62.95009,-38.8,27.2001,False,True,Action.JUMPING_FORWARD,Action.UPSMASH,11,37,1,2,4,4,0,0,,,
-2,6.4054255,65.180084,-38.8,27.2001,False,True,Action.JUMPING_FORWARD,Action.UPSMASH,12,38,1,2,4,4,0,0,,,
-1,5.402301,67.24008,-38.8,27.2001,False,True,Action.JUMPING_FORWARD,Action.UPSMASH,13,39,1,2,4,4,0,0,,,
0,4.419176,69.13008,-38.8,27.2001,False,True,Action.JUMPING_FORWARD,Action.UPSMASH,14,40,1,2,4,4,0,0,,,
1,3.4560513,70.85008,-38.8,27.2001,False,True,Action.JUMPING_FORWARD,Action.UPSMASH,15,41,1,2,4,4,0,0,,,
2,2.5129266,72.40008,-38.8,27.2001,False,True,Action.JUMPING_FORWARD,Action.UPSMASH,16,1,1,2,4,4,0,0,,,
3,1.5898018,73.780075,-38.8,27.2001,False,True,Action.JUMPING_FORWARD,Action.UPSMASH,17,2,1,2,4,4,0,0,,,
4,0.686677,74.990074,-38.8,27.2001,False,True,Action.JUMPING_FORWARD,Action.UPSMASH,18,2,1,2,4,4,0,0,,,
5,-0.19644785,76.030075,-38.8,27.2001,False,True,Action.JUMPING_FORWARD,Action.UPSMASH,19,2,1,2,4,4,0,0,,,
6,-1.0595727,76.90008,-38.8,27.2001,False,True,Action.JUMPING_FORWARD,Action.UPSMASH,20,2,1,2,4,4,0,0,,,
7,-1.9026976,77.600075,-38.8,27.2001,False,True,Action.JUMPING_FORWARD,Action.UPSMASH,21,3,1,2,4,4,0,0,,,
8,-2.7258224,78.13007,-38.8,27.2001,False,True,Action.JUMPING_FORWARD,Action.UPSMASH,22,4,1,2,4,4,0,0,,,
9,-3.5289474,78.490074,-38.8,27.2001,False,True,Action.JUMPING_FORWARD,Action.UPSMASH,23,5,1,2,4,4,0,0,,,
10,-4.3120723,78.68008,-38.8,27.2001,False,True,Action.JUMPING_FORWARD,Action.UPSMASH,24,6,1,2,4,4,0,0,,,
11,-5.075197,78.70007,-38.8,27.2001,False,True,Action.JUMPING_FORWARD,Action.UPSMASH,25,7,1,2,4,4,0,0,,,
12,-5.818322,78.55007,-38.8,27.2001,False,True,Action.JUMPING_FORWARD,Action.UPSMASH,26,8,1,2,4,4,0,0,,,
13,-6.631057,78.23007,-38.8,27.2001,False,True,Action.JUMPING_FORWARD,Action.UPSMASH,27,9,1,2,4,4,0,0,,,
14,-7.454572,77.740074,-38.8,27.2001,False,True,Action.JUMPING_FORWARD,Action.UPSMASH,28,10,1,2,4,4,0,0,,,
15,-8.278088,77.08007,-38.8,27.2001,False,True,Action.JUMPING_FORWARD,Action.UPSMASH,29,11,1,2,4,4,0,0,,,
16,-9.1016035,76.25007,-38.8,27.2001,False,True,Action.JUMPING_FORWARD,Action.UPSMASH,30,12,1,2,4,4,0,0,,,
17,-9.925119,75.25007,-38.8,27.2001,False,True,Action.JUMPING_FORWARD,Action.UPSMASH,31,13,1,2,4,4,0,0,,,
18,-10.748635,74.08007,-38.8,27.2001,False,True,Action.JUMPING_FORWARD,Action.UPSMASH,32,14,1,2,4,4,0,0,,,
19,-11.572151,72.74007,-38.8,27.2001,False,True,Action.JUMPING_FORWARD,Action.UPSMASH,33,15,1,2,4,4,0,0,,,
20,-12.395667,71.230064,-38.8,27.2001,False,True,Action.JUMPING_FORWARD,Action.UPSMASH,34,16,1,2,4,4,0,0,,,
21,-13.219183,69.550064,-38.8,27.2001,False,True,Action.JUMPING_FORWARD,Action.UPSMASH,35,17,1,2,4,4,0,0,,,
22,-14.042699,67.700066,-38.8,27.2001,False,True,Action.JUMPING_FORWARD,Action.UPSMASH,36,18,1,2,4,4,0,0,,,
23,-14.866215,65.68006,-38.8,27.2001,False,True,Action.JUMPING_FORWARD,Action.UPSMASH,37,19,1,2,4,4,0,0,,,
24,-15.689731,63.49006,-38.8,27.2001,False,True,Action.JUMPING_FORWARD,Action.UPSMASH,38,20,1,2,4,4,0,0,,,
25,-16.513247,61.13006,-38.8,27.2001,False,True,Action.JUMPING_FORWARD,Action.UPSMASH,39,21,1,2,4,4,0,0,,,
26,-17.336761,58.600056,-38.8,27.2001,False,True,Action.JUMPING_FORWARD,Action.UPSMASH,40,22,1,2,4,4,0,0,,,
27,-18.160276,55.900055,-38.8,27.2001,False,True,Action.FALLING,Action.UPSMASH,1,23,1,2,4,4,0,0,,,
28,-18.983791,53.030052,-38.8,27.2001,False,True,Action.FALLING,Action.UPSMASH,2,24,1,2,4,4,0,0,,,
29,-19.807306,49.99005,-38.8,27.2001,False,True,Action.FALLING,Action.UPSMASH,3,25,1,2,4,4,0,0,,,
30,-20.630821,46.890053,-38.8,27.2001,False,True,Action.FALLING,Action.UPSMASH,4,26,1,2,4,4,0,0,,,
31,-21.454336,43.790054,-38.8,27.2001,False,True,Action.FALLING,Action.UPSMASH,5,27,1,2,4,4,0,0,,,
32,-22.277851,40.690056,-38.8,27.2001,False,True,Action.FALLING,Action.UPSMASH,6,28,1,2,4,4,0,0,,,
33,-23.081367,37.590057,-38.8,27.2001,False,True,Action.FALLING,Action.UPSMASH,7,29,1,2,4,4,0,0,,,
34,-23.864883,34.49006,-38.8,27.2001,False,True,Action.FALLING,Action.UPSMASH,8,30,1,2,4,4,0,0,,,
35,-24.628399,31.390059,-38.8,27.2001,False,True,Action.FALLING,Action.UPSMASH,1,31,1,2,4,4,0,0,,,
36,-25.371914,28.290058,-38.8,27.2001,False,True,Action.FALLING,Action.UPSMASH,2,32,1,2,4,4,0,0,,,
37,-26.09543,25.190058,-38.8,27.2001,False,True,Action.FALLING,Action.UPSMASH,3,33,1,2,4,4,0,0,,,
38,-26.798946,27.2001,-38.8,27.2001,False,True,Action.LANDING,Action.UPSMASH,1,34,2,2,4,4,0,0,,,
39,-27.422462,27.2001,-38.8,27.2001,False,True,Action.LANDING,Action.UPSMASH,2,35,2,2,4,4,0,0,,,
40,-27.965979,27.2001,-38.8,27.2001,False,True,Action.LANDING,Action.UPSMASH,3,36,2,2,4,4,0,0,,,
41,-28.429495,27.2001,-38.8,27.2001,False,True,Action.LANDING,Action.UPSMASH,4,37,2,2,4,4,0,0,,,
42,-28.813011,27.2001,-38.8,27.2001,False,True,Action.LANDING,Action.UPSMASH,5,38,2,2,4,4,0,0,,,
43,-29.116528,27.2001,-38.8,27.2001,False,True,Action.FTILT_MID,Action.UPSMASH,1,39,2,2,4,4,0,0,,,
44,-29.340044,27.2001,-38.8,27.2001,False,True,Action.FTILT_MID,Action.UPSMASH,2,40,2,2,4,4,0,0,,,
45,-29.48356,27.2001,-38.8,27.2001,False,True,Action.FTILT_MID,Action.UPSMASH,3,41,2,2,4,4,0,0,,,
46,-29.547077,27.2001,-38.8,27.2001,False,False,Action.FTILT_MID,Action.NEUTRAL_B_ATTACKING_AIR,4,1,2,2,4,4,0,0,,,
47,-29.547077,27.2001,-38.8,27.2001,False,True,Action.FTILT_MID,Action.DAMAGE_NEUTRAL_2,5,1,2,2,4,4,0,9,,,
48,-29.547077,27.2001,-38.8,27.2001,False,True,Action.FTILT_MID,Action.DAMAGE_NEUTRAL_2,5,1,2,2,4,4,0,9,,,
49,-29.547077,27.2001,-43.0,27.2001,False,True,Action.FTILT_MID,Action.DAMAGE_NEUTRAL_2,5,1,2,2,4,4,0,9,,,
50,-29.547077,27.2001,-43.0,27.2001,False,True,Action.FTILT_MID,Action.DAMAGE_NEUTRAL_2,5,1,2,2,4,4,0,9,,,
51,-29.547077,27.2001,-43.0,27.2001,False,True,Action.FTILT_MID,Action.DAMAGE_NEUTRAL_2,5,1,2,2,4,4,0,9,,,
52,-29.547077,27.2001,-43.0,27.2001,False,True,Action.FTILT_MID,Action.DAMAGE_NEUTRAL_2,5,1,2,2,4,4,0,9,,,
53,-29.547077,27.2001,-40.8101,27.2001,False,True,Action.FTILT_MID,Action.DAMAGE_NEUTRAL_2,6,2,2,2,4,4,0,9,,,
54,-29.547077,27.2001,-41.4277,27.2001,False,True,Action.FTILT_MID,Action.DAMAGE_NEUTRAL_2,7,3,2,2,4,4,0,9,,,
55,-29.547077,27.2001,-41.9653,27.2001,False,True,Action.FTILT_MID,Action.DAMAGE_NEUTRAL_2,8,4,2,2,4,4,0,9,,,
56,-29.547077,27.2001,-42.4229,27.2001,False,True,Action.FTILT_MID,Action.DAMAGE_NEUTRAL_2,9,5,2,2,4,4,0,9,,,
57,-29.547077,27.2001,-42.800503,27.2001,False,True,Action.FTILT_MID,Action.DAMAGE_NEUTRAL_2,10,6,2,2,4,4,0,9,,,
58,-29.547077,27.2001,-43.098103,27.2001,False,True,Action.FTILT_MID,Action.DAMAGE_NEUTRAL_2,11,7,2,2,4,4,0,9,,,
59,-29.547077,27.2001,-43.315704,27.2001,False,True,Action.FTILT_MID,Action.DAMAGE_NEUTRAL_2,12,8,2,2,4,4,0,9,,,
60,-29.547077,27.2001,-43.453304,27.2001,False,True,Action.FTILT_MID,Action.DAMAGE_NEUTRAL_2,13,9,2,2,4,4,0,9,,,
61,-29.547077,27.2001,-43.510906,27.2001,False,True,Action.FTILT_MID,Action.DAMAGE_NEUTRAL_2,14,10,2,2,4,4,0,9,,,
62,-29.547077,27.2001,-43.510906,27.2001,False,True,Action.FTILT_MID,Action.NEUTRAL_B_ATTACKING_AIR,15,1,2,2,4,4,0,9,,,
63,-29.547077,27.2001,-43.510906,27.2001,False,True,Action.FTILT_MID,Action.NEUTRAL_B_ATTACKING_AIR,16,2,2,2,4,4,0,9,,,
64,-29.547077,27.2001,-43.510906,27.2001,False,True,Action.FTILT_MID,Action.NEUTRAL_B_ATTACKING_AIR,17,3,2,2,4,4,0,9,,,
65,-29.547077,27.2001,-43.510906,27.2001,False,True,Action.FTILT_MID,Action.NEUTRAL_B_ATTACKING_AIR,18,4,2,2,4,4,0,9,,,
66,-29.547077,27.2001,-43.510906,27.2001,False,True,Action.FTILT_MID,Action.NEUTRAL_B_ATTACKING_AIR,19,5,2,2,4,4,0,9,,,
67,-29.547077,27.2001,-43.510906,27.2001,False,True,Action.FTILT_MID,Action.NEUTRAL_B_ATTACKING_AIR,20,6,2,2,4,4,0,9,,,
68,-29.547077,27.2001,-43.510906,27.2001,False,True,Action.FTILT_MID,Action.NEUTRAL_B_ATTACKING_AIR,21,7,2,2,4,4,0,9,,,
69,-29.547077,27.2001,-43.510906,27.2001,False,True,Action.FTILT_MID,Action.NEUTRAL_B_ATTACKING_AIR,22,8,2,2,4,4,0,9,,,
70,-29.547077,27.2001,-43.510906,27.2001,False,True,Action.FTILT_MID,Action.NEUTRAL_B_ATTACKING_AIR,23,9,2,2,4,4,0,9,,,
71,-29.547077,27.2001,-43.510906,27.2001,False,True,Action.FTILT_MID,Action.NEUTRAL_B_ATTACKING_AIR,24,10,2,2,4,4,0,9,,,
72,-29.547077,27.2001,-43.510906,27.2001,False,True,Action.FTILT_MID,Action.NEUTRAL_B_ATTACKING_AIR,25,11,2,2,4,4,0,9,,,
73,-29.547077,27.2001,-43.510906,27.2001,False,True,Action.FTILT_MID,Action.NEUTRAL_B_ATTACKING_AIR,26,12,2,2,4,4,0,9,,,
74,-29.547077,27.2001,-43.510906,27.2001,False,True,Action.STANDING,Action.NEUTRAL_B_ATTACKING_AIR,1,13,2,2,4,4,0,9,,,
75,-29.547077,27.2001,-43.510906,27.2001,False,True,Action.STANDING,Action.NEUTRAL_B_ATTACKING_AIR,2,14,2,2,4,4,0,9,,,
76,-29.547077,27.2001,-43.510906,27.2001,False,True,Action.STANDING,Action.NEUTRAL_B_ATTACKING_AIR,3,15,2,2,4,4,0,9,,,
77,-29.547077,27.2001,-43.510906,27.2001,False,True,Action.STANDING,Action.NEUTRAL_B_ATTACKING_AIR,4,16,2,2,4,4,0,9,,,
78,-29.547077,27.2001,-43.510906,27.2001,False,True,Action.STANDING,Action.NEUTRAL_B_ATTACKING_AIR,5,17,2,2,4,4,0,9,,,
79,-29.547077,27.2001,-43.510906,27.2001,False,True,Action.STANDING,Action.NEUTRAL_B_ATTACKING_AIR,6,18,2,2,4,4,0,9,,,
80,-29.547077,27.2001,-43.510906,27.2001,False,True,Action.STANDING,Action.NEUTRAL_B_ATTACKING_AIR,7,19,2,2,4,4,0,9,,,
81,-29.547077,27.2001,-43.510906,27.2001,False,True,Action.STANDING,Action.NEUTRAL_B_FULL_CHARGE_AIR,8,1,2,2,4,4,0,9,,,
82,-29.547077,27.2001,-24.790905,27.2001,False,True,Action.STANDING,Action.NEUTRAL_B_FULL_CHARGE_AIR,9,2,2,2,4,4,0,9,,,
83,-29.847076,27.2001,-15.280907,27.2001,False,True,Action.STANDING,Action.SWORD_DANCE_2_MID,10,3,2,0,4,4,0,9,,,
84,-29.847076,27.2001,-13.350906,27.2001,False,True,Action.SHIELD_STUN,Action.SWORD_DANCE_3_HIGH,0,1,2,0,4,4,0,9,,,
85,-29.847076,27.2001,-11.490907,27.2001,False,True,Action.SHIELD_STUN,Action.SWORD_DANCE_3_HIGH,0,2,2,0,4,4,0,9,,,
86,-29.847076,27.2001,-9.700907,27.2001,False,True,Action.SHIELD_STUN,Action.SWORD_DANCE_3_HIGH,0,3,2,0,4,4,0,9,,,
87,-29.847076,27.2001,-7.980907,27.2001,False,True,Action.SHIELD_STUN,Action.SWORD_DANCE_3_HIGH,0,4,2,0,4,4,0,9,,,
88,-29.847076,27.2001,-6.3309073,27.2001,False,True,Action.SHIELD_STUN,Action.SWORD_DANCE_3_HIGH,0,5,2,0,4,4,0,9,,,
89,-30.797077,27.2001,-4.750908,27.1201,False,True,Action.SHIELD_STUN,Action.SWORD_DANCE_3_HIGH,3,6,2,0,4,4,0,9,,,
90,-31.667078,27.2001,-3.2409081,26.9601,False,True,Action.SHIELD_STUN,Action.SWORD_DANCE_3_HIGH,7,7,2,0,4,4,0,9,,,
91,-32.457077,27.2001,-1.8009086,26.7201,False,True,Action.SHIELD_STUN,Action.SWORD_DANCE_3_HIGH,11,8,2,0,4,4,0,9,,,
92,-33.167076,27.2001,-0.43090904,26.4001,False,True,Action.SHIELD_STUN,Action.SWORD_DANCE_3_HIGH,15,9,2,0,4,4,0,9,,,
93,-33.797077,27.2001,0.86909044,26.000101,False,True,Action.SHIELD_STUN,Action.SWORD_DANCE_3_HIGH,19,10,2,0,4,4,0,9,,,
94,-34.347076,27.2001,2.0990899,25.520102,False,True,Action.SHIELD,Action.SWORD_DANCE_3_HIGH,-1,11,2,0,4,4,0,9,,,
95,-34.817078,27.2001,3.2590892,24.960102,False,True,Action.SHIELD,Action.SWORD_DANCE_3_HIGH,-1,12,2,0,4,4,0,9,,,
96,-35.207077,27.2001,4.3490887,24.320103,False,True,Action.SPOTDODGE,Action.SWORD_DANCE_3_HIGH,1,13,2,0,4,4,0,9,,,
97,-35.51708,27.2001,5.369088,23.600103,False,True,Action.SPOTDODGE,Action.SWORD_DANCE_3_HIGH,2,14,2,0,4,4,0,9,,,
98,-35.747078,27.2001,6.3190875,22.800104,False,True,Action.SPOTDODGE,Action.SWORD_DANCE_3_HIGH,3,15,2,0,4,4,0,9,,,
99,-35.89708,27.2001,7.1990867,21.920105,False,True,Action.SPOTDODGE,Action.SWORD_DANCE_3_HIGH,4,16,2,0,4,4,0,9,,,
100,-35.96708,27.2001,8.009086,20.960106,False,True,Action.SPOTDODGE,Action.SWORD_DANCE_3_HIGH,5,17,2,0,4,4,0,9,,,
101,-35.96708,27.2001,8.749084,19.920107,False,True,Action.SPOTDODGE,Action.SWORD_DANCE_3_HIGH,6,18,2,0,4,4,0,9,,,
102,-35.96708,27.2001,9.419084,18.800106,False,True,Action.SPOTDODGE,Action.SWORD_DANCE_3_HIGH,7,19,2,0,4,4,0,9,,,
103,-35.96708,27.2001,10.019083,17.600105,False,True,Action.SPOTDODGE,Action.SWORD_DANCE_3_HIGH,8,20,2,0,4,4,0,9,,,
104,-35.96708,27.2001,10.549083,16.320105,False,True,Action.SPOTDODGE,Action.SWORD_DANCE_3_HIGH,9,21,2,0,4,4,0,9,,,
105,-35.96708,27.2001,11.009082,14.960105,False,True,Action.SPOTDODGE,Action.SWORD_DANCE_3_HIGH,10,22,2,0,4,4,0,9,,,
106,-35.96708,27.2001,11.399081,13.520105,False,True,Action.SPOTDODGE,Action.SWORD_DANCE_3_HIGH,11,23,2,0,4,4,0,9,,,
107,-35.96708,27.2001,11.719081,12.000105,False,True,Action.SPOTDODGE,Action.SWORD_DANCE_3_HIGH,12,24,2,0,4,4,0,9,,,
108,-35.96708,27.2001,11.96908,10.4001045,False,True,Action.SPOTDODGE,Action.SWORD_DANCE_3_HIGH,13,25,2,0,4,4,0,9,,,
109,-35.96708,27.2001,12.149079,8.720104,False,True,Action.SPOTDODGE,Action.SWORD_DANCE_3_HIGH,14,26,2,0,4,4,0,9,,,
110,-35.96708,27.2001,12.259079,6.960104,False,True,Action.SPOTDODGE,Action.SWORD_DANCE_3_HIGH,15,27,2,0,4,4,0,9,,,
111,-35.96708,27.2001,12.299078,5.120104,False,True,Action.SPOTDODGE,Action.SWORD_DANCE_3_HIGH,16,28,2,0,4,4,0,9,,,
112,-35.96708,27.2001,12.299078,3.2001035,False,True,Action.SPOTDODGE,Action.SWORD_DANCE_3_HIGH,17,29,2,0,4,4,0,9,,,
113,-35.96708,27.2001,12.299078,1.2001033,False,True,Action.SPOTDODGE,Action.SWORD_DANCE_3_HIGH,18,30,2,0,4,4,0,9,,,
114,-35.96708,27.2001,12.299078,-0.8798969,False,True,Action.SPOTDODGE,Action.SWORD_DANCE_3_HIGH,19,31,2,0,4,4,0,9,,,
115,-35.96708,27.2001,12.299078,-3.039897,False,True,Action.SPOTDODGE,Action.SWORD_DANCE_3_HIGH,20,32,2,0,4,4,0,9,,,
116,-35.96708,27.2001,12.299078,0.0001001358,False,True,Action.SPOTDODGE,Action.LANDING_SPECIAL,21,1,2,2,4,4,0,9,,,
117,-35.96708,27.2001,12.299078,1e-04,False,True,Action.SPOTDODGE,Action.LANDING_SPECIAL,22,2,2,2,4,4,0,9,,,
118,-35.96708,27.2001,12.299078,1e-04,False,True,Action.TURNING,Action.LANDING_SPECIAL,1,4,2,2,4,4,0,9,,,
119,-35.96708,27.2001,12.299078,1e-04,False,True,Action.TURNING,Action.LANDING_SPECIAL,2,5,2,2,4,4,0,9,,,
120,-35.96708,27.2001,12.299078,1e-04,False,True,Action.TURNING,Action.LANDING_SPECIAL,3,7,2,2,4,4,0,9,,,
121,-35.96708,27.2001,12.299078,1e-04,False,True,Action.TURNING,Action.LANDING_SPECIAL,4,8,2,2,4,4,0,9,,,
122,-35.96708,27.2001,12.299078,1e-04,False,True,Action.TURNING,Action.LANDING_SPECIAL,5,10,2,2,4,4,0,9,,,
123,-35.96708,27.2001,12.299078,1e-04,True,True,Action.TURNING,Action.LANDING_SPECIAL,6,11,2,2,4,4,0,9,,,
124,-35.96708,27.2001,12.299078,1e-04,True,True,Action.TURNING,Action.LANDING_SPECIAL,7,13,2,2,4,4,0,9,,,
125,-35.96708,27.2001,12.299078,1e-04,True,True,Action.TURNING,Action.LANDING_SPECIAL,8,14,2,2,4,4,0,9,,,
126,-35.96708,27.2001,12.299078,1e-04,True,True,Action.TURNING,Action.LANDING_SPECIAL,9,16,2,2,4,4,0,9,,,
127,-35.96708,27.2001,12.299078,1e-04,True,True,Action.TURNING,Action.LANDING_SPECIAL,10,17,2,2,4,4,0,9,,,
128,-35.96708,27.2001,12.299078,1e-04,True,True,Action.TURNING,Action.LANDING_SPECIAL,11,19,2,2,4,4,0,9,,,
129,-35.96708,27.2001,12.299078,1e-04,True,True,Action.STANDING,Action.LANDING_SPECIAL,1,20,2,2,4,4,0,9,,,
130,-35.96708,27.2001,12.299078,1e-04,True,True,Action.STANDING,Action.LANDING_SPECIAL,2,22,2,2,4,4,0,9,,,
131,-35.96708,27.2001,12.299078,1e-04,True,True,Action.STANDING,Action.LANDING_SPECIAL,3,23,2,2,4,4,0,9,,,
132,-35.96708,27.2001,12.299078,1e-04,True,True,Action.STANDING,Action.LANDING_SPECIAL,4,25,2,2,4,4,0,9,,,
133,-35.96708,27.2001,12.299078,1e-04,True,True,Action.STANDING,Action.LANDING_SPECIAL,5,26,2,2,4,4,0,9,,,
134,-35.96708,27.2001,12.299078,1e-04,True,True,Action.STANDING,Action.LANDING_SPECIAL,6,28,2,2,4,4,0,9,,,
135,-35.96708,27.2001,12.299078,1e-04,True,True,Action.STANDING,Action.LANDING_SPECIAL,7,29,2,2,4,4,0,9,,,
136,-35.96708,27.2001,12.299078,1e-04,True,True,Action.STANDING,Action.SPOTDODGE,8,1,2,2,4,4,0,9,,,
137,-35.96708,27.2001,12.299078,1e-04,True,True,Action.STANDING,Action.SPOTDODGE,9,2,2,2,4,4,0,9,,,
138,-35.96708,27.2001,12.299078,1e-04,True,True,Action.STANDING,Action.SPOTDODGE,10,3,2,2,4,4,0,9,,,
139,-35.96708,27.2001,12.299078,1e-04,True,True,Action.STANDING,Action.SPOTDODGE,11,4,2,2,4,4,0,9,,,
140,-35.96708,27.2001,12.299078,1e-04,True,True,Action.STANDING,Action.SPOTDODGE,12,5,2,2,4,4,0,9,,,
141,-35.96708,27.2001,12.299078,1e-04,True,True,Action.STANDING,Action.SPOTDODGE,13,6,2,2,4,4,0,9,,,
142,-35.96708,27.2001,12.299078,1e-04,True,True,Action.STANDING,Action.SPOTDODGE,14,7,2,2,4,4,0,9,,,
143,-35.96708,27.2001,12.299078,1e-04,True,True,Action.STANDING,Action.SPOTDODGE,15,8,2,2,4,4,0,9,,,
144,-35.96708,27.2001,12.299078,1e-04,True,True,Action.STANDING,Action.SPOTDODGE,16,9,2,2,4,4,0,9,,,
145,-35.96708,27.2001,12.299078,1e-04,True,True,Action.STANDING,Action.SPOTDODGE,17,10,2,2,4,4,0,9,,,
146,-35.810387,27.2001,12.299078,1e-04,True,True,Action.WALK_SLOW,Action.SPOTDODGE,1,11,2,2,4,4,0,9,,,
147,-35.60367,27.2001,12.299078,1e-04,True,True,Action.WALK_SLOW,Action.SPOTDODGE,2,12,2,2,4,4,0,9,,,
148,-35.35366,27.2001,12.299078,1e-04,True,True,Action.WALK_SLOW,Action.SPOTDODGE,2,13,2,2,4,4,0,9,,,
149,-35.065437,27.2001,12.299078,1e-04,True,True,Action.WALK_SLOW,Action.SPOTDODGE,3,14,2,2,4,4,0,9,,,
150,-34.742867,27.2001,12.299078,1e-04,True,True,Action.WALK_SLOW,Action.SPOTDODGE,4,15,2,2,4,4,0,9,,,
151,-34.388924,27.2001,12.299078,1e-04,True,True,Action.WALK_SLOW,Action.SPOTDODGE,5,16,2,2,4,4,0,9,,,
152,-34.005913,27.2001,12.299078,1e-04,True,True,Action.WALK_SLOW,Action.SPOTDODGE,7,17,2,2,4,4,0,9,,,
153,-33.595634,27.2001,12.299078,1e-04,True,True,Action.WALK_SLOW,Action.SPOTDODGE,8,18,2,2,4,4,0,9,,,
154,-33.159504,27.2001,12.299078,1e-04,True,True,Action.WALK_SLOW,Action.SPOTDODGE,10,19,2,2,4,4,0,9,,,
155,-32.69864,27.2001,12.299078,1e-04,True,True,Action.WALK_SLOW,Action.SPOTDODGE,12,20,2,2,4,4,0,9,,,
156,-32.213924,27.2001,12.299078,1e-04,True,True,Action.WALK_SLOW,Action.SPOTDODGE,14,21,2,2,4,4,0,9,,,
157,-31.70607,27.2001,12.299078,1e-04,True,True,Action.WALK_SLOW,Action.SPOTDODGE,16,22,2,2,4,4,0,9,,,
158,-31.175638,27.2001,12.2990265,1e-04,True,False,Action.WALK_SLOW,Action.FSMASH_MID,18,1,2,2,4,4,0,9,,,
159,-30.62308,27.2001,12.298902,1e-04,True,False,Action.WALK_SLOW,Action.FSMASH_MID,20,2,2,2,4,4,0,9,,,
160,-30.048756,27.2001,12.298748,1e-04,True,False,Action.WALK_SLOW,Action.FSMASH_MID,22,3,2,2,4,4,0,9,,,
161,-29.452955,27.2001,12.298609,1e-04,True,False,Action.WALK_MIDDLE,Action.FSMASH_MID,18,4,2,2,4,4,0,9,,,
162,-28.83591,27.2001,12.298529,1e-04,True,False,Action.WALK_MIDDLE,Action.FSMASH_MID,19,5,2,2,4,4,0,9,,,
163,-28.197803,27.2001,12.298551,1e-04,True,False,Action.WALK_MIDDLE,Action.FSMASH_MID,20,6,2,2,4,4,0,9,,,
164,-27.538782,27.2001,12.298719,1e-04,True,False,Action.WALK_MIDDLE,Action.FSMASH_MID,21,7,2,2,4,4,0,9,,,
165,-26.85896,27.2001,12.299078,1e-04,True,False,Action.WALK_MIDDLE,Action.FSMASH_MID,22,8,2,2,4,4,0,9,,,
166,-26.158424,27.2001,10.9565,1e-04,True,False,Action.WALK_MIDDLE,Action.FSMASH_MID,23,9,2,2,4,4,0,9,,,
167,-25.437246,27.2001,9.613922,1e-04,True,False,Action.WALK_MIDDLE,Action.FSMASH_MID,24,10,2,2,4,4,0,9,,,
168,-24.695477,27.2001,8.271344,1e-04,True,False,Action.WALK_MIDDLE,Action.FSMASH_MID,25,11,2,2,4,4,0,9,,,
169,-23.933155,27.2001,6.928766,1e-04,True,False,Action.WALK_MIDDLE,Action.FSMASH_MID,27,12,2,2,4,4,0,9,,,
170,-23.150305,27.2001,5.586188,1e-04,True,False,Action.WALK_MIDDLE,Action.FSMASH_MID,28,13,2,2,4,4,0,9,,,
171,-22.346945,27.2001,4.24361,1e-04,True,False,Action.WALK_MIDDLE,Action.FSMASH_MID,29,14,2,2,4,4,0,9,,,
172,-21.623585,27.2001,3.2470765,1e-04,True,False,Action.STANDING,Action.FSMASH_MID,1,15,2,2,4,4,0,9,,,
173,-20.980225,27.2001,2.250543,1e-04,True,False,Action.STANDING,Action.FSMASH_MID,2,16,2,2,4,4,0,9,,,
174,-20.416864,27.2001,1.2540107,1e-04,True,False,Action.STANDING,Action.FSMASH_MID,3,17,2,2,4,4,0,9,,,
175,-19.933504,27.2001,0.25747728,1e-04,True,False,Action.STANDING,Action.FSMASH_MID,4,18,2,2,4,4,0,9,,,
176,-20.0,27.2001,-0.7390561,1e-04,True,False,Action.EDGE_TEETERING_START,Action.FSMASH_MID,1,19,2,2,4,4,0,9,,,
177,-20.0,27.2001,-1.7355895,1e-04,True,False,Action.EDGE_TEETERING_START,Action.FSMASH_MID,2,20,2,2,4,4,0,9,,,
178,-20.0,27.2001,-2.732122,1e-04,True,False,Action.EDGE_TEETERING_START,Action.FSMASH_MID,3,21,2,2,4,4,0,9,,,
179,-20.0,27.2001,-3.7286563,1e-04,True,False,Action.EDGE_TEETERING_START,Action.FSMASH_MID,4,22,2,2,4,4,0,9,,,
180,-20.0,27.2001,-4.7251887,1e-04,True,False,Action.EDGE_TEETERING_START,Action.FSMASH_MID,5,23,2,2,4,4,0,9,,,
181,-20.0,27.2001,-5.721721,1e-04,True,False,Action.EDGE_TEETERING_START,Action.FSMASH_MID,6,24,2,2,4,4,0,9,,,
182,-20.0,27.2001,-6.7182555,1e-04,True,False,Action.CROUCH_START,Action.FSMASH_MID,1,25,2,2,4,4,0,9,,,
183,-20.0,27.2001,-7.714788,1e-04,True,False,Action.CROUCH_START,Action.FSMASH_MID,2,26,2,2,4,4,0,9,,,
184,-20.0,27.2001,-8.711323,1e-04,True,False,Action.CROUCH_START,Action.FSMASH_MID,3,27,2,2,4,4,0,9,,,
185,-20.0,26.5301,-9.707855,1e-04,True,False,Action.PLATFORM_DROP,Action.FSMASH_MID,0,28,1,2,4,4,0,9,,,
186,-20.0,25.6901,-10.704388,1e-04,True,False,Action.PLATFORM_DROP,Action.FSMASH_MID,1,29,1,2,4,4,0,9,,,
187,-20.0,24.6801,-11.700922,1e-04,True,False,Action.PLATFORM_DROP,Action.FSMASH_MID,2,30,1,2,4,4,0,9,,,
188,-20.0,23.5001,-11.700922,1e-04,True,False,Action.PLATFORM_DROP,Action.FSMASH_MID,3,31,1,2,4,4,0,9,,,
189,-19.93,22.150099,-11.700922,1e-04,True,False,Action.PLATFORM_DROP,Action.FSMASH_MID,4,32,1,2,4,4,0,9,,,
190,-19.79,20.630098,-11.700922,1e-04,True,False,Action.PLATFORM_DROP,Action.FSMASH_MID,5,33,1,2,4,4,0,9,,,
191,-19.580002,18.940098,-11.700922,1e-04,True,False,Action.PLATFORM_DROP,Action.FSMASH_MID,6,34,1,2,4,4,0,9,,,
192,-19.300001,17.080097,-11.700922,1e-04,True,False,Action.PLATFORM_DROP,Action.FSMASH_MID,7,35,1,2,4,4,0,9,,,
193,-18.95,15.050097,-11.700922,1e-04,True,False,Action.PLATFORM_DROP,Action.FSMASH_MID,8,36,1,2,4,4,0,9,,,
194,-18.53,12.850098,-11.700922,1e-04,True,False,Action.PLATFORM_DROP,Action.FSMASH_MID,9,37,1,2,4,4,0,9,,,
195,-18.04,10.480098,-11.700922,1e-04,True,False,Action.PLATFORM_DROP,Action.FSMASH_MID,10,38,1,2,4,4,0,9,,,
196,-17.480001,7.940098,-11.700922,1e-04,True,False,Action.PLATFORM_DROP,Action.FSMASH_MID,11,39,1,2,4,4,0,9,,,
197,-16.850002,5.230098,-11.700922,1e-04,True,False,Action.PLATFORM_DROP,Action.SHIELD_START,12,-1,1,2,4,4,0,9,,,
198,-16.150002,2.3500977,-11.700922,1e-04,True,False,Action.PLATFORM_DROP,Action.SPOTDODGE,13,1,1,2,4,4,0,9,,,
199,-15.380001,-0.69990253,-11.700922,1e-04,True,False,Action.PLATFORM_DROP,Action.SPOTDODGE,14,2,1,2,4,4,0,9,,,
200,-14.550001,-3.7999024,-11.700922,1e-04,True,False,Action.PLATFORM_DROP,Action.SPOTDODGE,15,3,1,2,4,4,0,9,,,
201,-13.720001,0.0001001358,-11.700922,1e-04,True,False,Action.LANDING,Action.SPOTDODGE,1,4,2,2,4,4,0,9,,,
202,-13.270001,1e-04,-11.700922,1e-04,True,False,Action.LANDING,Action.SPOTDODGE,2,5,2,2,4,4,0,9,,,
203,-12.900002,1e-04,-11.700922,1e-04,True,False,Action.LANDING,Action.SPOTDODGE,3,6,2,2,4,4,0,9,,,
204,-12.610002,1e-04,-11.700922,1e-04,True,False,Action.LANDING,Action.SPOTDODGE,4,7,2,2,4,4,0,9,,,
205,-12.400002,1e-04,-11.700922,1e-04,True,False,Action.LANDING,Action.SPOTDODGE,5,8,2,2,4,4,0,9,,,
206,-12.270001,1e-04,-11.700922,1e-04,True,False,Action.LANDING,Action.SPOTDODGE,6,9,2,2,4,4,0,9,,,
207,-12.220001,1e-04,-11.700922,1e-04,True,False,Action.LANDING,Action.SPOTDODGE,7,10,2,2,4,4,0,9,,,
208,-12.250001,1e-04,-11.700922,1e-04,True,False,Action.LANDING,Action.SPOTDODGE,8,11,2,2,4,4,0,9,,,
209,-12.360001,1e-04,-11.700922,1e-04,True,False,Action.LANDING,Action.SPOTDODGE,9,12,2,2,4,4,0,9,,,
210,-12.550001,1e-04,-11.700922,1e-04,True,False,Action.LANDING,Action.SPOTDODGE,10,13,2,2,4,4,0,9,,,
211,-12.820002,1e-04,-11.700922,1e-04,True,False,Action.LANDING,Action.SPOTDODGE,11,14,2,2,4,4,0,9,,,
212,-13.120002,1e-04,-11.700922,1e-04,True,False,Action.LANDING,Action.SPOTDODGE,12,15,2,2,4,4,0,9,,,
213,-13.420002,1e-04,-11.700922,1e-04,True,False,Action.LANDING,Action.SPOTDODGE,13,16,2,2,4,4,0,9,,,
214,-13.720002,1e-04,-11.700922,1e-04,True,False,Action.LANDING,Action.SPOTDODGE,14,17,2,2,4,4,0,9,,,
215,-14.020002,1e-04,-11.700922,1e-04,True,False,Action.NEUTRAL_ATTACK_1,Action.SPOTDODGE,1,18,2,2,4,4,0,9,,,
216,-14.320003,1e-04,-11.700922,1e-04,True,False,Action.NEUTRAL_ATTACK_1,Action.DAMAGE_NEUTRAL_1,2,1,2,1,4,4,0,13,,,
217,-14.320003,1e-04,-15.900922,0.0001001358,True,False,Action.NEUTRAL_ATTACK_1,Action.DAMAGE_NEUTRAL_1,2,1,2,1,4,4,0,13,,,
218,-14.320003,1e-04,-15.900922,0.0001001358,True,False,Action.NEUTRAL_ATTACK_1,Action.DAMAGE_NEUTRAL_1,2,1,2,1,4,4,0,13,,,
219,-14.320003,1e-04,-15.900922,0.0001001358,True,False,Action.NEUTRAL_ATTACK_1,Action.DAMAGE_NEUTRAL_1,2,1,2,1,4,4,0,13,,,
220,-14.320003,1e-04,-16.832687,9.9897385e-05,True,False,Action.NEUTRAL_ATTACK_1,Action.LANDING,3,1,2,2,4,4,0,13,,,
221,-14.020002,1e-04,-16.981953,1e-04,True,False,Action.NEUTRAL_ATTACK_1,Action.LANDING,4,2,2,2,4,4,0,13,,,
222,-13.720002,1e-04,-17.211218,1e-04,True,False,Action.NEUTRAL_ATTACK_1,Action.LANDING,5,3,2,2,4,4,0,13,,,
223,-13.420002,1e-04,-17.511217,1e-04,True,False,Action.NEUTRAL_ATTACK_1,Action.LANDING,6,4,2,2,4,4,0,13,,,
224,-13.120002,1e-04,-17.811216,1e-04,True,False,Action.NEUTRAL_ATTACK_1,Action.KNEE_BEND,7,1,2,2,4,4,0,13,,,
225,-12.820002,1e-04,-18.111216,1e-04,True,False,Action.NEUTRAL_ATTACK_1,Action.KNEE_BEND,8,2,2,2,4,4,0,13,,,
226,-12.520001,1e-04,-18.411215,1e-04,True,False,Action.NEUTRAL_ATTACK_1,Action.KNEE_BEND,9,3,2,2,4,4,0,13,,,
227,-12.520001,1e-04,-18.751215,1e-04,False,False,Action.DAMAGE_FLY_LOW,Action.DOWN_B_STUN,1,1,1,1,4,4,5,13,,,
228,-12.520001,6.0001,-18.751215,1e-04,False,False,Action.DAMAGE_FLY_LOW,Action.DOWN_B_STUN,1,1,1,1,4,4,5,13,,,
229,-12.520001,6.0001,-18.751215,1e-04,False,False,Action.DAMAGE_FLY_LOW,Action.DOWN_B_STUN,1,1,1,1,4,4,5,13,,,
230,-12.520001,6.0001,-18.751215,1e-04,False,False,Action.DAMAGE_FLY_LOW,Action.DOWN_B_STUN,1,1,1,1,4,4,5,13,,,
231,-12.520001,6.0001,-19.071215,1e-04,False,False,Action.DAMAGE_FLY_LOW,Action.DOWN_B_STUN,1,2,1,1,4,4,5,13,,,
232,-12.520001,6.0001,-19.371214,1e-04,False,False,Action.DAMAGE_FLY_LOW,Action.DOWN_B_STUN,1,3,1,1,4,4,5,13,,,
233,-10.117668,5.8301,-19.651215,1e-04,False,False,Action.DAMAGE_FLY_LOW,Action.DOWN_B_AIR,2,1,1,1,4,4,5,13,,,
234,-7.766335,5.4901,-20.261215,4.1861005,False,False,Action.DAMAGE_FLY_LOW,Action.JUMPING_ARIAL_FORWARD,3,1,1,0,4,4,5,13,,,
235,-5.466002,4.9800997,-20.851215,8.142101,False,False,Action.DAMAGE_FLY_LOW,Action.DAIR,4,1,1,0,4,4,5,13,,,
236,-3.216669,4.3001,-21.421215,11.868101,False,False,Action.DAMAGE_FLY_LOW,Action.DAIR,5,2,1,0,4,4,5,13,,,
237,-1.0183363,3.4501,-22.002214,15.364101,False,False,Action.DAMAGE_FLY_LOW,Action.DAIR,6,3,1,0,4,4,5,13,,,
238,1.1289964,2.4301,-22.583214,18.630102,False,False,Action.DAMAGE_FLY_LOW,Action.DAIR,7,4,1,0,4,4,5,13,,,
239,3.225329,1.2401,-23.091713,21.666103,False,False,Action.DAMAGE_FLY_LOW,Action.DAIR,8,5,1,0,4,4,5,13,,,
240,5.2706614,-0.11989987,-23.662212,24.472103,False,False,Action.DAMAGE_FLY_LOW,Action.DAIR,9,6,1,0,4,4,5,13,,,
241,7.2649937,-1.6498997,-24.212713,27.048103,False,False,Action.DAMAGE_FLY_LOW,Action.DAIR,10,7,1,0,4,4,5,13,,,
242,9.208326,-3.3498995,-24.695963,29.394104,False,False,Action.DAMAGE_FLY_LOW,Action.DAIR,11,8,1,0,4,4,5,13,,,
243,11.100658,0.0001001358,-25.238962,31.510105,False,False,Action.TECH_MISS_UP,Action.DAIR,1,9,2,0,4,4,5,13,,,
244,12.912991,1e-04,-25.707212,33.396107,False,False,Action.TECH_MISS_UP,Action.DAIR,2,10,2,0,4,4,5,13,,,
245,14.645323,1e-04,-26.107462,35.05211,False,False,Action.TECH_MISS_UP,Action.DAIR,3,11,2,0,4,4,5,13,,,
246,16.326654,1e-04,-26.585463,36.478107,False,False,Action.TECH_MISS_UP,Action.DAIR,4,12,1,0,4,4,5,13,,,
247,17.956987,1e-04,-27.006712,37.674107,False,False,Action.TECH_MISS_UP,Action.DAIR,5,13,1,0,4,4,5,13,,,
248,19.53632,1e-04,-27.503462,38.640106,False,False,Action.TECH_MISS_UP,Action.DAIR,6,14,1,0,4,4,5,13,,,
249,21.064651,1e-04,-27.980211,39.376106,False,False,Action.TECH_MISS_UP,Action.DAIR,7,15,1,0,4,4,5,13,,,
250,22.541985,1e-04,-28.436962,39.882107,False,False,Action.TECH_MISS_UP,Action.DAIR,8,16,1,0,4,4,5,13,,,
251,23.968317,1e-04,-28.955711,40.158108,False,False,Action.TECH_MISS_UP,Action.DAIR,9,17,1,0,4,4,5,13,,,
252,25.343649,1e-04,-29.454462,40.20411,False,False,Action.TECH_MISS_UP,Action.DAIR,10,18,1,0,4,4,5,13,,,
253,26.667982,1e-04,-30.030962,40.02011,False,False,Action.TECH_MISS_UP,Action.DAIR,11,19,1,0,4,4,5,13,,,
254,27.941315,1e-04,-30.539461,39.60611,False,False,Action.TECH_MISS_UP,Action.DAIR,12,20,1,0,4,4,5,13,,,
255,29.163647,1e-04,-30.96796,38.96211,False,False,Action.TECH_MISS_UP,Action.DAIR,13,21,1,0,4,4,5,13,,,
256,30.33498,1e-04,-31.35396,35.562107,False,False,Action.TECH_MISS_UP,Action.DAIR,14,22,1,0,4,4,5,13,,,
257,31.455313,1e-04,-31.81171,32.162106,False,False,Action.TECH_MISS_UP,Action.DAIR,15,23,1,0,4,4,5,13,,,
258,32.524647,1e-04,-32.21946,28.762106,False,False,Action.TECH_MISS_UP,Action.DAIR,16,24,1,0,4,4,5,13,,,
259,33.54298,1e-04,-32.70646,25.362106,False,False,Action.TECH_MISS_UP,Action.DAIR,17,25,1,0,4,4,5,13,,,
260,34.51031,1e-04,-33.25546,27.2001,False,False,Action.TECH_MISS_UP,Action.DAIR_LANDING,18,1,1,2,4,4,5,13,,,
261,35.426643,1e-04,-33.724457,27.2001,False,False,Action.TECH_MISS_UP,Action.DAIR_LANDING,19,4,1,2,4,4,5,13,,,
262,36.291977,1e-04,-34.113457,27.2001,False,False,Action.TECH_MISS_UP,Action.DAIR_LANDING,20,7,1,2,4,4,5,13,,,
263,37.106308,1e-04,-34.422455,27.2001,False,False,Action.TECH_MISS_UP,Action.DAIR_LANDING,21,11,1,2,4,4,5,13,,,
264,37.86964,1e-04,-34.651455,27.2001,False,False,Action.TECH_MISS_UP,Action.DAIR_LANDING,22,14,1,2,4,4,5,13,,,
265,38.55297,1e-04,-34.800453,27.2001,False,False,Action.TECH_MISS_UP,Action.DAIR_LANDING,23,17,2,2,4,4,5,13,,,
266,39.156303,1e-04,-34.869453,27.2001,False,False,Action.TECH_MISS_UP,Action.DAIR_LANDING,24,21,2,2,4,4,5,13,,,
267,39.679634,1e-04,-34.869453,27.2001,False,False,Action.TECH_MISS_UP,Action.DAIR_LANDING,25,24,2,2,4,4,5,13,,,
268,40.122967,1e-04,-34.869453,27.2001,False,False,Action.TECH_MISS_UP,Action.DAIR_LANDING,26,27,2,2,4,4,5,13,,,
269,40.486298,1e-04,-34.869453,27.2001,False,False,Action.GROUND_GETUP,Action.KNEE_BEND,1,1,2,2,4,4,5,13,,,
270,40.76963,1e-04,-34.869453,27.2001,False,False,Action.GROUND_GETUP,Action.KNEE_BEND,2,2,2,2,4,4,5,13,,,
271,40.97296,1e-04,-34.869453,27.2001,False,False,Action.GROUND_GETUP,Action.KNEE_BEND,3,3,2,2,4,4,5,13,,,
272,41.096294,1e-04,-35.479454,31.3861,False,False,Action.GROUND_GETUP,Action.JUMPING_ARIAL_FORWARD,4,1,2,0,4,4,5,13,,,
273,41.139626,1e-04,-35.764454,31.3861,False,False,Action.GROUND_GETUP,Action.DOWN_B_STUN,5,1,2,0,4,4,5,13,,,
274,41.139626,1e-04,-36.029453,31.3861,False,False,Action.GROUND_GETUP,Action.DOWN_B_STUN,6,2,2,0,4,4,5,13,,,
275,41.139626,1e-04,-36.274452,31.3861,False,False,Action.GROUND_GETUP,Action.DOWN_B_STUN,7,3,2,0,4,4,5,13,,,
276,41.139626,1e-04,-36.49945,31.3861,False,False,Action.GROUND_GETUP,Action.DOWN_B_AIR,8,1,2,0,4,4,5,13,,,
277,41.139626,1e-04,-36.704453,31.359434,False,False,Action.GROUND_GETUP,Action.DOWN_B_AIR,9,2,2,0,4,4,5,13,,,
278,41.139626,1e-04,-36.889454,31.3061,False,False,Action.GROUND_GETUP,Action.DOWN_B_AIR,10,3,2,0,4,4,5,13,,,
279,41.139626,1e-04,-37.054455,31.2261,False,False,Action.GROUND_GETUP,Action.DOWN_B_AIR,11,4,2,0,4,4,5,13,,,
280,41.139626,1e-04,-37.199455,31.119434,False,False,Action.GROUND_GETUP,Action.DOWN_B_AIR,12,5,2,0,4,4,5,13,,,
281,41.139626,1e-04,-37.324455,30.986101,False,True,Action.GROUND_GETUP,Action.MARTH_COUNTER,13,1,2,0,4,4,5,13,,,
282,41.139626,1e-04,-37.429455,30.826101,False,True,Action.GROUND_GETUP,Action.MARTH_COUNTER,14,2,2,0,4,4,5,13,,,
283,41.139626,1e-04,-37.514454,30.639435,False,True,Action.GROUND_GETUP,Action.MARTH_COUNTER,15,3,2,0,4,4,5,13,,,
284,41.139626,1e-04,-37.579453,30.426102,False,False,Action.GROUND_GETUP,Action.MARTH_COUNTER,16,1,2,0,4,4,5,13,,,
285,41.139626,1e-04,-37.62445,30.186102,False,False,Action.GROUND_GETUP,Action.MARTH_COUNTER,17,2,2,0,4,4,5,13,,,
286,41.139626,1e-04,-37.649452,29.919436,False,False,Action.GROUND_GETUP,Action.MARTH_COUNTER,18,3,2,0,4,4,5,13,,,
287,41.139626,1e-04,-37.654453,29.626102,False,False,Action.GROUND_GETUP,Action.DOWN_B_AIR,19,1,2,0,4,4,5,13,,,
288,41.139626,1e-04,-37.654453,29.306103,False,False,Action.GROUND_GETUP,Action.DOWN_B_AIR,20,2,2,0,4,4,5,13,,,
289,41.139626,1e-04,-37.654453,28.959436,False,False,Action.GROUND_GETUP,Action.DOWN_B_AIR,21,3,2,0,4,4,5,13,,,
290,41.139626,1e-04,-37.654453,28.586103,False,False,Action.GROUND_GETUP,Action.DOWN_B_AIR,22,4,2,0,4,4,5,13,,,
291,41.139626,1e-04,-37.654453,28.186104,False,False,Action.GROUND_GETUP,Action.DOWN_B_AIR,23,5,2,0,4,4,5,13,,,
292,41.139626,1e-04,-37.654453,27.759438,False,False,Action.GROUND_GETUP,Action.DOWN_B_AIR,24,6,2,0,4,4,5,13,,,
293,41.139626,1e-04,-37.654453,27.306105,False,True,Action.GROUND_GETUP,Action.MARTH_COUNTER,25,1,2,0,4,4,5,13,,,
294,41.139626,1e-04,-37.654453,26.826105,False,True,Action.GROUND_GETUP,Action.MARTH_COUNTER,26,2,2,0,4,4,5,13,,,
295,41.139626,1e-04,-37.654453,26.319439,False,True,Action.GROUND_GETUP,Action.MARTH_COUNTER,27,3,2,0,4,4,5,13,,,
296,41.139626,1e-04,-37.654453,25.786106,False,True,Action.GROUND_GETUP,Action.SHINE_RELEASE_AIR,28,1,2,0,4,4,5,13,,,
297,41.139626,1e-04,-37.654453,25.226107,False,True,Action.GROUND_GETUP,Action.SHINE_RELEASE_AIR,29,2,2,0,4,4,5,13,,,
298,41.139626,1e-04,-37.654453,24.63944,False,True,Action.GROUND_GETUP,Action.SHINE_RELEASE_AIR,30,3,2,0,4,4,5,13,,,
299,40.952126,1e-04,-37.654453,24.026108,False,True,Action.WALK_SLOW,Action.SHINE_RELEASE_AIR,1,4,2,0,4,4,5,13,,,
300,40.697483,1e-04,-37.654453,23.386108,False,True,Action.WALK_SLOW,Action.SHINE_RELEASE_AIR,2,5,2,0,4,4,5,13,,,
301,40.383556,1e-04,-37.654453,27.2001,False,True,Action.WALK_SLOW,Action.SWORD_DANCE_3_LOW_AIR,2,6,2,2,4,4,5,13,,,
302,40.01676,1e-04,-37.654453,27.2001,False,True,Action.WALK_SLOW,Action.SWORD_DANCE_3_LOW_AIR,3,7,2,2,4,4,5,13,,,
303,39.602367,1e-04,-37.654453,27.2001,False,True,Action.WALK_SLOW,Action.SWORD_DANCE_3_LOW_AIR,5,8,2,2,4,4,5,13,,,
304,39.14471,1e-04,-37.654453,27.2001,False,True,Action.WALK_SLOW,Action.SWORD_DANCE_3_LOW_AIR,6,9,2,2,4,4,5,13,,,
305,38.64739,1e-04,-37.654453,27.2001,False,True,Action.WALK_SLOW,Action.SWORD_DANCE_3_LOW_AIR,8,10,2,2,4,4,5,13,,,
306,38.11338,1e-04,-37.654453,27.2001,False,True,Action.WALK_SLOW,Action.SWORD_DANCE_3_LOW_AIR,10,11,2,2,4,4,5,13,,,
307,37.54517,1e-04,-37.654453,27.2001,False,True,Action.WALK_SLOW,Action.SWORD_DANCE_3_LOW_AIR,12,12,2,2,4,4,5,13,,,
308,36.944836,1e-04,-37.654453,27.2001,False,True,Action.WALK_MIDDLE,Action.SWORD_DANCE_3_LOW_AIR,11,13,2,2,4,4,5,13,,,
309,36.314117,1e-04,-37.654453,27.2001,False,True,Action.WALK_MIDDLE,Action.SWORD_DANCE_3_LOW_AIR,12,14,2,2,4,4,5,13,,,
310,35.654476,1e-04,-37.654453,27.2001,False,True,Action.WALK_MIDDLE,Action.SWORD_DANCE_3_LOW_AIR,13,15,2,2,4,4,5,13,,,
311,34.967148,1e-04,-37.654453,27.2001,False,True,Action.WALK_MIDDLE,Action.SWORD_DANCE_3_LOW_AIR,14,16,2,2,4,4,5,13,,,
312,34.25317,1e-04,-37.654453,27.2001,False,True,Action.WALK_MIDDLE,Action.SWORD_DANCE_3_LOW_AIR,15,17,2,2,4,4,5,13,,,
313,33.51342,1e-04,-37.654453,27.2001,False,True,Action.WALK_MIDDLE,Action.SWORD_DANCE_3_LOW_AIR,16,18,2,2,4,4,5,13,,,
314,32.748646,1e-04,-37.654453,27.2001,False,False,Action.WALK_MIDDLE,Action.NEUTRAL_B_ATTACKING_AIR,17,1,2,2,4,4,5,13,,,
315,31.959476,1e-04,-37.654453,27.2001,False,False,Action.WALK_MIDDLE,Action.NEUTRAL_B_ATTACKING_AIR,19,2,2,2,4,4,5,13,,,
316,31.146448,1e-04,-37.654453,27.2001,False,False,Action.WALK_MIDDLE,Action.NEUTRAL_B_ATTACKING_AIR,20,3,2,2,4,4,5,13,,,
317,30.310017,1e-04,-37.654453,27.2001,False,False,Action.WALK_MIDDLE,Action.NEUTRAL_B_ATTACKING_AIR,21,4,2,2,4,4,5,13,,,
318,29.453018,1e-04,-37.654453,27.2001,False,False,Action.WALK_MIDDLE,Action.NEUTRAL_B_ATTACKING_AIR,23,5,2,2,4,4,5,13,,,
319,28.577942,1e-04,-37.654453,27.2001,False,False,Action.WALK_MIDDLE,Action.NEUTRAL_B_ATTACKING_AIR,24,6,2,2,4,4,5,13,,,
320,27.68698,1e-04,-37.654453,27.2001,False,False,Action.WALK_MIDDLE,Action.NEUTRAL_B_ATTACKING_AIR,26,7,2,2,4,4,5,13,,,
321,26.782053,1e-04,-37.654453,27.2001,False,False,Action.WALK_MIDDLE,Action.NEUTRAL_B_ATTACKING_AIR,27,8,2,2,4,4,5,13,,,
322,25.864855,1e-04,-37.654453,27.2001,False,False,Action.WALK_MIDDLE,Action.NEUTRAL_B_ATTACKING_AIR,29,9,2,2,4,4,5,13,,,
323,24.93687,1e-04,-37.654453,27.2001,False,False,Action.WALK_MIDDLE,Action.NEUTRAL_B_ATTACKING_AIR,30,10,2,2,4,4,5,13,,,
324,23.999407,1e-04,-37.654453,27.2001,False,False,Action.WALK_MIDDLE,Action.NEUTRAL_B_ATTACKING_AIR,32,11,2,2,4,4,5,13,,,
325,23.053612,1e-04,-37.654453,27.2001,False,False,Action.WALK_MIDDLE,Action.NEUTRAL_B_ATTACKING_AIR,34,12,2,2,4,4,5,13,,,
326,22.100494,1e-04,-37.654453,27.2001,False,False,Action.WALK_MIDDLE,Action.NEUTRAL_B_ATTACKING_AIR,0,13,2,2,4,4,5,13,,,
327,21.140942,1e-04,-37.654453,27.2001,False,False,Action.WALK_MIDDLE,Action.NEUTRAL_B_ATTACKING_AIR,2,14,2,2,4,4,5,13,,,
328,20.175734,1e-04,-37.654453,27.2001,False,False,Action.WALK_MIDDLE,Action.NEUTRAL_B_ATTACKING_AIR,4,15,2,2,4,4,5,13,,,
329,19.205555,1e-04,-37.654453,27.2001,False,False,Action.WALK_MIDDLE,Action.NEUTRAL_B_ATTACKING_AIR,5,16,2,2,4,4,5,13,,,
330,18.231007,1e-04,-37.654453,27.2001,False,False,Action.WALK_MIDDLE,Action.NEUTRAL_B_ATTACKING_AIR,7,17,2,2,4,4,5,13,,,
331,17.252619,1e-04,-37.654453,27.2001,False,False,Action.WALK_MIDDLE,Action.NEUTRAL_B_ATTACKING_AIR,9,18,2,2,4,4,5,13,,,
332,16.270857,1e-04,-37.654453,27.2001,False,False,Action.WALK_MIDDLE,Action.NEUTRAL_B_ATTACKING_AIR,10,19,2,2,4,4,5,13,,,
333,15.286129,1e-04,-37.654453,27.2001,False,False,Action.WALK_MIDDLE,Action.NEUTRAL_B_FULL_CHARGE_AIR,12,1,2,2,4,4,5,13,,,
334,14.298794,1e-04,-56.374454,27.2001,False,False,Action.WALK_MIDDLE,Action.NEUTRAL_B_FULL_CHARGE_AIR,14,2,2,2,4,4,5,13,,,
335,13.309168,1e-04,-61.054455,27.2001,False,False,Action.WALK_MIDDLE,Action.SWORD_DANCE_2_MID,16,3,2,0,4,4,5,13,,,
336,12.317529,1e-04,-62.984455,27.2001,False,False,Action.WALK_MIDDLE,Action.SWORD_DANCE_3_HIGH,17,1,2,0,4,4,5,13,,,
337,11.32412,1e-04,-64.84445,27.2001,False,False,Action.WALK_MIDDLE,Action.SWORD_DANCE_3_HIGH,19,2,2,0,4,4,5,13,,,
338,10.329155,1e-04,-66.63445,27.2001,False,False,Action.WALK_MIDDLE,Action.SWORD_DANCE_3_HIGH,21,3,2,0,4,4,5,13,,,
339,9.332824,1e-04,-68.354454,27.2001,False,False,Action.WALK_MIDDLE,Action.SWORD_DANCE_3_HIGH,23,4,2,0,4,4,5,13,,,
340,8.335291,1e-04,-70.004456,27.2001,False,False,Action.WALK_MIDDLE,Action.SWORD_DANCE_3_HIGH,24,5,2,0,4,4,5,13,,,
341,7.3367023,1e-04,-71.58446,27.1201,False,False,Action.WALK_MIDDLE,Action.SWORD_DANCE_3_HIGH,26,6,2,0,4,4,5,13,,,
342,6.337186,1e-04,-73.09446,26.9601,False,False,Action.WALK_MIDDLE,Action.SWORD_DANCE_3_HIGH,28,7,2,0,4,4,5,13,,,
343,5.336854,1e-04,-74.53446,26.7201,False,False,Action.WALK_MIDDLE,Action.SWORD_DANCE_3_HIGH,29,8,2,0,4,4,5,13,,,
344,4.3358054,1e-04,-75.904465,26.4001,False,False,Action.WALK_MIDDLE,Action.SWORD_DANCE_3_HIGH,31,9,2,0,4,4,5,13,,,
345,3.3341267,1e-04,-77.20447,26.000101,False,False,Action.WALK_MIDDLE,Action.SWORD_DANCE_3_HIGH,33,10,2,0,4,4,5,13,,,
346,2.3318944,1e-04,-78.43446,25.520102,False,False,Action.WALK_MIDDLE,Action.SWORD_DANCE_3_HIGH,0,11,2,0,4,4,5,13,,,
347,1.3291754,1e-04,-79.59446,24.960102,False,False,Action.WALK_MIDDLE,Action.SWORD_DANCE_3_HIGH,2,12,2,0,4,4,5,13,,,
348,0.3260286,1e-04,-80.684456,24.320103,False,False,Action.WALK_MIDDLE,Action.SWORD_DANCE_3_HIGH,3,13,2,0,4,4,5,13,,,
349,-0.67749405,1e-04,-81.70445,23.600103,False,False,Action.WALK_MIDDLE,Action.SWORD_DANCE_3_HIGH,5,14,2,0,4,4,5,13,,,
350,-1.681347,1e-04,-82.65445,22.800104,False,False,Action.WALK_MIDDLE,Action.SWORD_DANCE_3_HIGH,7,15,2,0,4,4,5,13,,,
351,-2.6854901,1e-04,-83.53445,21.920105,False,False,Action.WALK_MIDDLE,Action.SWORD_DANCE_3_HIGH,9,16,2,0,4,4,5,13,,,
352,-3.6898885,1e-04,-84.344444,20.960106,False,False,Action.WALK_MIDDLE,Action.SWORD_DANCE_3_HIGH,10,17,2,0,4,4,5,13,,,
353,-4.694511,1e-04,-85.08444,19.920107,False,False,Action.WALK_MIDDLE,Action.SWORD_DANCE_3_HIGH,12,18,2,0,4,4,5,13,,,
354,-5.6993303,1e-04,-85.75444,18.800106,False,False,Action.WALK_MIDDLE,Action.SWORD_DANCE_3_HIGH,14,19,2,0,4,4,5,13,,,
355,-6.7043233,1e-04,-86.35444,17.600105,False,False,Action.WALK_MIDDLE,Action.SWORD_DANCE_3_HIGH,16,20,2,0,4,4,5,13,,,
356,-7.7094684,1e-04,-86.88444,16.320105,False,False,Action.WALK_MIDDLE,Action.SWORD_DANCE_3_HIGH,17,21,2,0,4,4,5,13,,,
357,-8.714747,1e-04,-87.34444,14.960105,False,False,Action.WALK_MIDDLE,Action.SWORD_DANCE_3_HIGH,19,22,2,0,4,4,5,13,,,
358,-9.720144,1e-04,-87.734436,13.520105,False,False,Action.WALK_MIDDLE,Action.SWORD_DANCE_3_HIGH,21,23,2,0,4,4,5,13,,,
359,-10.725644,1e-04,-88.054436,12.000105,False,False,Action.WALK_MIDDLE,Action.SWORD_DANCE_3_HIGH,23,24,2,0,4,4,5,13,,,
360,-11.731235,1e-04,-88.304436,10.4001045,False,False,Action.WALK_MIDDLE,Action.SWORD_DANCE_3_HIGH,24,25,2,0,4,4,5,13,,,
361,-12.736905,1e-04,-88.484436,8.720104,False,False,Action.WALK_MIDDLE,Action.SWORD_DANCE_3_HIGH,26,26,2,0,4,4,5,13,,,
362,-13.742646,1e-04,-88.59444,6.960104,False,False,Action.WALK_MIDDLE,Action.SWORD_DANCE_3_HIGH,28,27,2,0,4,4,5,13,,,
363,-14.748448,1e-04,-88.63444,5.120104,False,False,Action.WALK_MIDDLE,Action.SWORD_DANCE_3_HIGH,30,28,2,0,4,4,5,13,,,
364,-15.754305,1e-04,-88.63444,3.2001035,False,False,Action.WALK_MIDDLE,Action.SWORD_DANCE_3_HIGH,31,29,2,0,4,4,5,13,,,
365,-16.76021,1e-04,-88.63444,1.2001033,False,False,Action.WALK_MIDDLE,Action.SWORD_DANCE_3_HIGH,33,30,2,0,4,4,5,13,,,
366,-17.766157,1e-04,-88.63444,-0.8798969,False,False,Action.WALK_MIDDLE,Action.SWORD_DANCE_3_HIGH,0,31,2,0,4,4,5,13,,,
367,-18.77214,1e-04,-88.63444,-3.039897,False,False,Action.WALK_MIDDLE,Action.SWORD_DANCE_3_HIGH,2,32,2,0,4,4,5,13,,,
368,-19.778156,1e-04,-88.63444,-5.2798967,False,False,Action.WALK_MIDDLE,Action.SWORD_DANCE_3_HIGH,4,33,2,0,4,4,5,13,,,
369,-20.7842,1e-04,-88.63444,-7.5998964,False,False,Action.WALK_MIDDLE,Action.SWORD_DANCE_3_HIGH,5,34,2,0,4,4,5,13,,,
370,-21.79027,1e-04,-88.63444,-9.999896,False,False,Action.WALK_MIDDLE,Action.SWORD_DANCE_3_HIGH,7,35,2,0,4,4,5,13,,,
371,-22.79636,1e-04,-88.63444,-12.479896,False,False,Action.WALK_MIDDLE,Action.SWORD_DANCE_3_HIGH,9,36,2,0,4,4,5,13,,,
372,-23.80247,1e-04,-88.63444,-15.039895,False,False,Action.WALK_MIDDLE,Action.SWORD_DANCE_3_HIGH,11,37,2,0,4,4,5,13,,,
373,-24.797781,1e-04,-88.63444,-17.679895,False,False,Action.WALK_MIDDLE,Action.SWORD_DANCE_3_HIGH,12,38,2,0,4,4,5,13,,,
374,-25.793093,1e-04,-88.63444,-20.399895,False,False,Action.WALK_MIDDLE,Action.SWORD_DANCE_3_HIGH,14,39,2,0,4,4,5,13,,,
375,-26.788404,1e-04,-88.63444,-23.199894,False,False,Action.WALK_MIDDLE,Action.SWORD_DANCE_3_HIGH,16,40,2,0,4,4,5,13,,,
376,-27.77278,1e-04,-88.579185,-25.999893,False,False,Action.WALK_MIDDLE,Action.DEAD_FALL,18,1,2,0,4,4,5,13,,,
377,-28.757154,1e-04,-88.58594,-28.799892,False,False,Action.WALK_MIDDLE,Action.DEAD_FALL,19,2,2,0,4,4,5,13,,,
378,-29.730593,1e-04,-88.67268,-31.599892,False,False,Action.WALK_MIDDLE,Action.DEAD_FALL,21,3,2,0,4,4,5,13,,,
379,-30.704031,1e-04,-88.821434,-34.999893,False,False,Action.WALK_MIDDLE,Action.DEAD_FALL,23,4,2,0,4,4,5,13,,,
380,-31.67747,1e-04,-89.04118,-38.399895,False,False,Action.WALK_MIDDLE,Action.DEAD_FALL,25,5,2,0,4,4,5,13,,,
381,-32.63997,1e-04,-89.24094,-41.799896,False,False,Action.WALK_MIDDLE,Action.DEAD_FALL,26,6,2,0,4,4,5,13,,,
382,-33.60247,1e-04,-89.51919,-45.199898,False,False,Action.WALK_MIDDLE,Action.DEAD_FALL,28,7,2,0,4,4,5,13,,,
383,-34.55403,1e-04,-89.859436,-48.5999,False,False,Action.WALK_MIDDLE,Action.DEAD_FALL,30,8,2,0,4,4,5,13,,,
384,-35.505592,1e-04,-90.260185,-51.9999,False,False,Action.WALK_MIDDLE,Action.DEAD_FALL,31,1,2,0,4,4,5,13,,,
385,-36.457153,1e-04,-90.72294,-55.399902,False,False,Action.WALK_MIDDLE,Action.DEAD_FALL,33,2,2,0,4,4,5,13,,,
386,-37.397778,1e-04,-91.24769,-58.799904,False,False,Action.WALK_MIDDLE,Action.DEAD_FALL,0,3,2,0,4,4,5,13,,,
387,-38.3384,1e-04,-91.70669,-62.199905,False,False,Action.WALK_MIDDLE,Action.DEAD_FALL,1,4,2,0,4,4,5,13,,,
388,-39.279026,1e-04,-92.24419,-65.59991,False,False,Action.WALK_MIDDLE,Action.DEAD_FALL,3,5,2,0,4,4,5,13,,,
389,-40.208714,1e-04,-92.82519,-68.99991,False,False,Action.WALK_MIDDLE,Action.DEAD_FALL,5,6,2,0,4,4,5,13,,,
390,-41.1384,1e-04,-93.349434,-72.39991,False,False,Action.WALK_MIDDLE,Action.DEAD_FALL,6,7,2,0,4,4,5,13,,,
391,-42.05715,1e-04,-93.930435,-75.79991,False,False,Action.WALK_MIDDLE,Action.DEAD_FALL,8,8,2,0,4,4,5,13,,,
392,-42.975903,1e-04,-94.51144,-79.19991,False,False,Action.WALK_MIDDLE,Action.DEAD_FALL,10,1,2,0,4,4,5,13,,,
393,-43.894653,1e-04,-95.09244,-82.599915,False,False,Action.WALK_MIDDLE,Action.DEAD_FALL,11,2,2,0,4,4,5,13,,,
394,-44.802467,1e-04,-95.67344,-85.999916,False,False,Action.WALK_MIDDLE,Action.DEAD_FALL,13,3,2,0,4,4,5,13,,,
395,-45.71028,1e-04,-96.29594,-89.39992,False,False,Action.WALK_MIDDLE,Action.DEAD_FALL,14,4,2,0,4,4,5,13,,,
396,-46.618095,1e-04,-96.89844,-92.79992,False,False,Action.WALK_MIDDLE,Action.DEAD_FALL,16,5,2,0,4,4,5,13,,,
397,-47.51497,1e-04,-97.489815,-96.19992,False,False,Action.WALK_MIDDLE,Action.DEAD_FALL,18,6,2,0,4,4,5,13,,,
398,-48.411842,1e-04,-98.06119,-99.59992,False,False,Action.WALK_MIDDLE,Action.DEAD_FALL,19,7,2,0,4,4,5,13,,,
399,-49.308716,1e-04,-98.71256,-102.99992,False,False,Action.WALK_MIDDLE,Action.DEAD_FALL,21,8,2,0,4,4,5,13,,,
400,-50.194653,1e-04,-99.34394,-106.399925,False,False,Action.WALK_MIDDLE,Action.DEAD_FALL,22,1,2,0,4,4,5,13,,,
401,-51.08059,1e-04,-99.955315,-109.79993,False,False,Action.WALK_MIDDLE,Action.DEAD_DOWN,24,-1,2,0,4,3,5,13,,,
402,-51.95559,1e-04,-99.955315,-109.79993,False,False,Action.WALK_MIDDLE,Action.DEAD_DOWN,25,-1,2,0,4,3,5,13,,,
403,-52.83059,1e-04,-99.955315,-109.79993,False,False,Action.WALK_MIDDLE,Action.DEAD_DOWN,27,-1,2,0,4,3,5,13,,,
404,-53.70559,1e-04,-99.955315,-109.79993,False,False,Action.WALK_MIDDLE,Action.DEAD_DOWN,29,-1,2,0,4,3,5,13,,,
405,-54.500587,1e-04,-99.955315,-109.79993,False,False,Action.STANDING,Action.DEAD_DOWN,1,-1,2,0,4,3,5,13,,,
406,-55.215588,1e-04,-99.955315,-109.79993,False,False,Action.STANDING,Action.DEAD_DOWN,2,-1,2,0,4,3,5,13,,,
407,-55.850586,1e-04,-99.955315,-109.79993,False,False,Action.STANDING,Action.DEAD_DOWN,3,-1,2,0,4,3,5,13,,,
408,-56.405586,1e-04,-99.955315,-109.79993,False,False,Action.STANDING,Action.DEAD_DOWN,4,-1,2,0,4,3,5,13,,,
409,-56.880585,1e-04,-99.955315,-109.79993,False,False,Action.STANDING,Action.DEAD_DOWN,5,-1,2,0,4,3,5,13,,,
410,-57.275585,1e-04,-99.955315,-109.79993,False,False,Action.STANDING,Action.DEAD_DOWN,6,-1,2,0,4,3,5,13,,,
411,-57.590584,1e-04,-99.955315,-109.79993,False,False,Action.STANDING,Action.DEAD_DOWN,7,-1,2,0,4,3,5,13,,,
412,-57.825584,1e-04,-99.955315,-109.79993,False,False,Action.STANDING,Action.DEAD_DOWN,8,-1,2,0,4,3,5,13,,,
413,-57.980583,1e-04,-99.955315,-109.79993,False,False,Action.STANDING,Action.DEAD_DOWN,9,-1,2,0,4,3,5,13,,,
414,-58.055584,1e-04,-99.955315,-109.79993,False,False,Action.STANDING,Action.DEAD_DOWN,10,-1,2,0,4,3,5,13,,,
415,-58.055584,1e-04,-99.955315,-109.79993,False,False,Action.STANDING,Action.DEAD_DOWN,11,-1,2,0,4,3,5,13,,,
416,-58.055584,1e-04,-99.955315,-109.79993,False,False,Action.STANDING,Action.DEAD_DOWN,12,-1,2,0,4,3,5,13,,,
417,-58.055584,1e-04,-99.955315,-109.79993,False,False,Action.STANDING,Action.DEAD_DOWN,13,-1,2,0,4,3,5,13,,,
418,-58.055584,1e-04,-99.955315,-109.79993,False,False,Action.STANDING,Action.DEAD_DOWN,14,-1,2,0,4,3,5,13,,,
419,-58.055584,1e-04,-99.955315,-109.79993,False,False,Action.STANDING,Action.DEAD_DOWN,15,-1,2,0,4,3,5,13,,,
420,-58.055584,1e-04,-99.955315,-109.79993,False,False,Action.STANDING,Action.DEAD_DOWN,16,-1,2,0,4,3,5,13,,,
421,-58.055584,1e-04,-99.955315,-109.79993,False,False,Action.STANDING,Action.DEAD_DOWN,17,-1,2,0,4,3,5,13,,,
422,-58.055584,1e-04,-99.955315,-109.79993,False,False,Action.STANDING,Action.DEAD_DOWN,18,-1,2,0,4,3,5,13,,,
423,-58.055584,1e-04,-99.955315,-109.79993,False,False,Action.STANDING,Action.DEAD_DOWN,19,-1,2,0,4,3,5,13,,,
424,-58.055584,1e-04,-99.955315,-109.79993,False,False,Action.STANDING,Action.DEAD_DOWN,20,-1,2,0,4,3,5,13,,,
425,-58.055584,1e-04,-99.955315,-109.79993,False,False,Action.STANDING,Action.DEAD_DOWN,21,-1,2,0,4,3,5,13,,,
426,-58.055584,1e-04,-99.955315,-109.79993,False,False,Action.STANDING,Action.DEAD_DOWN,22,-1,2,0,4,3,5,13,,,
427,-58.055584,1e-04,-99.955315,-109.79993,False,False,Action.STANDING,Action.DEAD_DOWN,23,-1,2,0,4,3,5,13,,,
428,-58.055584,1e-04,-99.955315,-109.79993,False,False,Action.STANDING,Action.DEAD_DOWN,24,-1,2,0,4,3,5,13,,,
429,-58.055584,1e-04,-99.955315,-109.79993,False,False,Action.STANDING,Action.DEAD_DOWN,25,-1,2,0,4,3,5,13,,,
430,-58.055584,1e-04,-99.955315,-109.79993,False,False,Action.STANDING,Action.DEAD_DOWN,26,-1,2,0,4,3,5,13,,,
431,-58.055584,1e-04,-99.955315,-109.79993,False,False,Action.STANDING,Action.DEAD_DOWN,27,-1,2,0,4,3,5,13,,,
432,-58.055584,1e-04,-99.955315,-109.79993,False,False,Action.STANDING,Action.DEAD_DOWN,28,-1,2,0,4,3,5,13,,,
433,-58.055584,1e-04,-99.955315,-109.79993,False,False,Action.STANDING,Action.DEAD_DOWN,29,-1,2,0,4,3,5,13,,,
434,-58.055584,1e-04,-99.955315,-109.79993,False,False,Action.STANDING,Action.DEAD_DOWN,30,-1,2,0,4,3,5,13,,,
435,-58.055584,1e-04,-99.955315,-109.79993,False,False,Action.STANDING,Action.DEAD_DOWN,31,-1,2,0,4,3,5,13,,,
436,-58.055584,1e-04,-99.955315,-109.79993,False,False,Action.STANDING,Action.DEAD_DOWN,32,-1,2,0,4,3,5,13,,,
437,-58.055584,1e-04,-99.955315,-109.79993,False,False,Action.STANDING,Action.DEAD_DOWN,33,-1,2,0,4,3,5,13,,,
438,-58.055584,1e-04,-99.955315,-109.79993,False,False,Action.STANDING,Action.DEAD_DOWN,34,-1,2,0,4,3,5,13,,,
439,-58.055584,1e-04,-99.955315,-109.79993,False,False,Action.STANDING,Action.DEAD_DOWN,35,-1,2,0,4,3,5,13,,,
440,-58.055584,1e-04,-99.955315,-109.79993,False,False,Action.STANDING,Action.DEAD_DOWN,36,-1,2,0,4,3,5,13,,,
441,-58.055584,1e-04,-99.955315,-109.79993,False,False,Action.STANDING,Action.DEAD_DOWN,37,-1,2,0,4,3,5,13,,,
442,-58.055584,1e-04,-99.955315,-109.79993,False,False,Action.STANDING,Action.DEAD_DOWN,38,-1,2,0,4,3,5,13,,,
443,-58.055584,1e-04,-99.955315,-109.79993,False,False,Action.STANDING,Action.DEAD_DOWN,39,-1,2,0,4,3,5,13,,,
444,-58.055584,1e-04,-99.955315,-109.79993,False,False,Action.STANDING,Action.DEAD_DOWN,40,-1,2,0,4,3,5,13,,,
445,-58.055584,1e-04,-99.955315,-109.79993,False,False,Action.STANDING,Action.DEAD_DOWN,41,-1,2,0,4,3,5,13,,,
446,-58.055584,1e-04,-99.955315,-109.79993,False,False,Action.STANDING,Action.DEAD_DOWN,42,-1,2,0,4,3,5,13,,,
447,-58.055584,1e-04,-99.955315,-109.79993,False,False,Action.STANDING,Action.DEAD_DOWN,43,-1,2,0,4,3,5,13,,,
448,-58.055584,1e-04,-99.955315,-109.79993,False,False,Action.STANDING,Action.DEAD_DOWN,44,-1,2,0,4,3,5,13,,,
449,-58.055584,1e-04,-99.955315,-109.79993,False,False,Action.STANDING,Action.DEAD_DOWN,45,-1,2,0,4,3,5,13,,,
450,-58.055584,1e-04,-99.955315,-109.79993,False,False,Action.STANDING,Action.DEAD_DOWN,46,-1,2,0,4,3,5,13,,,
451,-58.055584,1e-04,-99.955315,-109.79993,False,False,Action.STANDING,Action.DEAD_DOWN,47,-1,2,0,4,3,5,13,,,
452,-58.055584,1e-04,-99.955315,-109.79993,False,False,Action.STANDING,Action.DEAD_DOWN,48,-1,2,0,4,3,5,13,,,
453,-58.055584,1e-04,-99.955315,-109.79993,False,False,Action.STANDING,Action.DEAD_DOWN,49,-1,2,0,4,3,5,13,,,
454,-58.055584,1e-04,-99.955315,-109.79993,False,False,Action.STANDING,Action.DEAD_DOWN,50,-1,2,0,4,3,5,13,,,
455,-58.055584,1e-04,-99.955315,-109.79993,False,False,Action.STANDING,Action.DEAD_DOWN,51,-1,2,0,4,3,5,13,,,
456,-58.055584,1e-04,-99.955315,-109.79993,False,False,Action.STANDING,Action.DEAD_DOWN,52,-1,2,0,4,3,5,13,,,
457,-58.055584,1e-04,-99.955315,-109.79993,False,False,Action.STANDING,Action.DEAD_DOWN,53,-1,2,0,4,3,5,13,,,
458,-58.055584,1e-04,-99.955315,-109.79993,False,False,Action.STANDING,Action.DEAD_DOWN,54,-1,2,0,4,3,5,13,,,
459,-58.055584,1e-04,-99.955315,-109.79993,False,False,Action.STANDING,Action.DEAD_DOWN,55,-1,2,0,4,3,5,13,,,
460,-58.055584,1e-04,-99.955315,-109.79993,False,False,Action.STANDING,Action.DEAD_DOWN,56,-1,2,0,4,3,5,13,,,
461,-58.055584,1e-04,12.8,135.06665,False,False,Action.STANDING,Action.ON_HALO_DESCENT,57,1,2,1,4,3,5,0,,,
462,-58.055584,1e-04,12.8,134.13332,False,False,Action.STANDING,Action.ON_HALO_DESCENT,58,2,2,1,4,3,5,0,,,
463,-58.055584,1e-04,12.8,133.19998,False,False,Action.STANDING,Action.ON_HALO_DESCENT,59,3,2,1,4,3,5,0,,,
464,-58.055584,1e-04,12.8,132.26665,False,False,Action.STANDING,Action.ON_HALO_DESCENT,60,4,2,1,4,3,5,0,,,
465,-58.055584,1e-04,12.8,131.33331,False,False,Action.STANDING,Action.ON_HALO_DESCENT,61,5,2,1,4,3,5,0,,,
466,-58.055584,1e-04,12.8,130.39998,False,False,Action.STANDING,Action.ON_HALO_DESCENT,62,6,2,1,4,3,5,0,,,
467,-58.055584,1e-04,12.8,129.46664,False,False,Action.STANDING,Action.ON_HALO_DESCENT,63,7,2,1,4,3,5,0,,,
468,-58.055584,1e-04,12.8,128.53331,False,False,Action.STANDING,Action.ON_HALO_DESCENT,64,8,2,1,4,3,5,0,,,
469,-58.055584,1e-04,12.8,127.599976,False,False,Action.STANDING,Action.ON_HALO_DESCENT,65,9,2,1,4,3,5,0,,,
470,-58.055584,1e-04,12.8,126.66664,False,False,Action.STANDING,Action.ON_HALO_DESCENT,66,10,2,1,4,3,5,0,,,
471,-58.055584,1e-04,12.8,125.73331,False,False,Action.STANDING,Action.ON_HALO_DESCENT,67,11,2,1,4,3,5,0,,,
472,-58.055584,1e-04,12.8,124.79997,False,False,Action.STANDING,Action.ON_HALO_DESCENT,68,12,2,1,4,3,5,0,,,
473,-58.055584,1e-04,12.8,123.86664,False,False,Action.STANDING,Action.ON_HALO_DESCENT,69,13,2,1,4,3,5,0,,,
474,-58.055584,1e-04,12.8,122.933304,False,False,Action.STANDING,Action.ON_HALO_DESCENT,70,14,2,1,4,3,5,0,,,
475,-58.055584,1e-04,12.8,121.99997,False,False,Action.STANDING,Action.ON_HALO_DESCENT,71,15,2,1,4,3,5,0,,,
476,-58.055584,1e-04,12.8,121.066635,False,False,Action.STANDING,Action.ON_HALO_DESCENT,72,16,2,1,4,3,5,0,,,
477,-58.055584,1e-04,12.8,120.1333,False,False,Action.STANDING,Action.ON_HALO_DESCENT,73,17,2,1,4,3,5,0,,,
478,-58.055584,1e-04,12.8,119.19997,False,False,Action.STANDING,Action.ON_HALO_DESCENT,74,18,2,1,4,3,5,0,,,
479,-58.055584,1e-04,12.8,118.26663,False,False,Action.STANDING,Action.ON_HALO_DESCENT,75,19,2,1,4,3,5,0,,,
480,-58.055584,1e-04,12.8,117.3333,False,False,Action.STANDING,Action.ON_HALO_DESCENT,76,20,2,1,4,3,5,0,,,
481,-58.055584,1e-04,12.8,116.39996,False,False,Action.STANDING,Action.ON_HALO_DESCENT,77,21,2,1,4,3,5,0,,,
482,-58.055584,1e-04,12.8,115.46663,False,False,Action.STANDING,Action.ON_HALO_DESCENT,78,22,2,1,4,3,5,0,,,
483,-58.055584,1e-04,12.8,114.533295,False,False,Action.STANDING,Action.ON_HALO_DESCENT,79,23,2,1,4,3,5,0,,,
484,-58.055584,1e-04,12.8,113.59996,False,False,Action.STANDING,Action.ON_HALO_DESCENT,80,24,2,1,4,3,5,0,,,
485,-58.055584,1e-04,12.8,112.666626,False,False,Action.STANDING,Action.ON_HALO_DESCENT,81,25,2,1,4,3,5,0,,,
486,-58.055584,1e-04,12.8,111.73329,False,False,Action.STANDING,Action.ON_HALO_DESCENT,82,26,2,1,4,3,5,0,,,
487,-58.055584,1e-04,12.8,110.79996,False,False,Action.STANDING,Action.ON_HALO_DESCENT,83,27,2,1,4,3,5,0,,,
488,-58.055584,1e-04,12.8,109.86662,False,False,Action.STANDING,Action.ON_HALO_DESCENT,84,28,2,1,4,3,5,0,,,
489,-58.055584,1e-04,12.8,108.93329,False,False,Action.STANDING,Action.ON_HALO_DESCENT,85,29,2,1,4,3,5,0,,,
490,-58.055584,1e-04,12.8,107.999954,False,False,Action.STANDING,Action.ON_HALO_DESCENT,86,30,2,1,4,3,5,0,,,
491,-58.055584,1e-04,12.8,107.06662,False,False,Action.STANDING,Action.ON_HALO_DESCENT,87,31,2,1,4,3,5,0,,,
492,-58.055584,1e-04,12.8,106.133286,False,False,Action.STANDING,Action.ON_HALO_DESCENT,88,32,2,1,4,3,5,0,,,
493,-58.055584,1e-04,12.8,105.19995,False,False,Action.STANDING,Action.ON_HALO_DESCENT,89,33,2,1,4,3,5,0,,,
494,-58.055584,1e-04,12.8,104.26662,False,False,Action.STANDING,Action.ON_HALO_DESCENT,90,34,2,1,4,3,5,0,,,
495,-58.055584,1e-04,12.8,103.33328,False,False,Action.STANDING,Action.ON_HALO_DESCENT,91,35,2,1,4,3,5,0,,,
496,-58.055584,1e-04,12.8,102.39995,False,False,Action.STANDING,Action.ON_HALO_DESCENT,92,36,2,1,4,3,5,0,,,
497,-58.055584,1e-04,12.8,101.46661,False,False,Action.STANDING,Action.ON_HALO_DESCENT,93,37,2,1,4,3,5,0,,,
498,-58.055584,1e-04,12.8,100.53328,False,False,Action.STANDING,Action.ON_HALO_DESCENT,94,38,2,1,4,3,5,0,,,
499,-58.055584,1e-04,12.8,99.599945,False,False,Action.STANDING,Action.ON_HALO_DESCENT,95,39,2,1,4,3,5,0,,,
500,-58.055584,1e-04,12.8,98.66661,False,False,Action.STANDING,Action.ON_HALO_DESCENT,96,40,2,1,4,3,5,0,,,
501,-58.055584,1e-04,12.8,97.73328,False,False,Action.STANDING,Action.ON_HALO_DESCENT,97,41,2,1,4,3,5,0,,,
502,-58.055584,1e-04,12.8,96.79995,False,False,Action.STANDING,Action.ON_HALO_DESCENT,98,42,2,1,4,3,5,0,,,
503,-58.055584,1e-04,12.8,95.86662,False,False,Action.STANDING,Action.ON_HALO_DESCENT,99,43,2,1,4,3,5,0,,,
504,-58.055584,1e-04,12.8,94.93329,False,False,Action.STANDING,Action.ON_HALO_DESCENT,100,44,2,1,4,3,5,0,,,
505,-58.055584,1e-04,12.8,93.999954,False,False,Action.STANDING,Action.ON_HALO_DESCENT,101,45,2,1,4,3,5,0,,,
506,-58.055584,1e-04,12.8,93.06663,False,False,Action.STANDING,Action.ON_HALO_DESCENT,102,46,2,1,4,3,5,0,,,
507,-58.055584,1e-04,12.8,92.13329,False,False,Action.STANDING,Action.ON_HALO_DESCENT,103,47,2,1,4,3,5,0,,,
508,-58.055584,1e-04,12.8,91.19997,False,False,Action.STANDING,Action.ON_HALO_DESCENT,104,48,2,1,4,3,5,0,,,
509,-58.055584,1e-04,12.8,90.26663,False,False,Action.STANDING,Action.ON_HALO_DESCENT,105,49,2,1,4,3,5,0,,,
510,-58.055584,1e-04,12.8,89.333305,False,False,Action.STANDING,Action.ON_HALO_DESCENT,106,50,2,1,4,3,5,0,,,
511,-58.055584,1e-04,12.8,88.39998,False,False,Action.STANDING,Action.ON_HALO_DESCENT,107,51,2,1,4,3,5,0,,,
512,-58.055584,1e-04,12.8,87.466644,False,False,Action.STANDING,Action.ON_HALO_DESCENT,108,52,2,1,4,3,5,0,,,
513,-58.055584,1e-04,12.8,86.53331,False,False,Action.STANDING,Action.ON_HALO_DESCENT,109,53,2,1,4,3,5,0,,,
514,-58.055584,1e-04,12.8,85.59998,False,False,Action.STANDING,Action.ON_HALO_DESCENT,110,54,2,1,4,3,5,0,,,
515,-58.055584,1e-04,12.8,84.66666,False,False,Action.STANDING,Action.ON_HALO_DESCENT,111,55,2,1,4,3,5,0,,,
516,-58.055584,1e-04,12.8,83.73332,False,False,Action.STANDING,Action.ON_HALO_DESCENT,112,56,2,1,4,3,5,0,,,
517,-58.055584,1e-04,12.8,82.79999,False,False,Action.STANDING,Action.ON_HALO_DESCENT,113,57,2,1,4,3,5,0,,,
518,-58.055584,1e-04,12.8,81.86666,False,False,Action.STANDING,Action.ON_HALO_DESCENT,114,58,2,1,4,3,5,0,,,
519,-58.055584,1e-04,12.8,80.933334,False,False,Action.STANDING,Action.ON_HALO_DESCENT,115,59,2,1,4,3,5,0,,,
520,-58.055584,1e-04,12.8,80.0,False,False,Action.STANDING,Action.ON_HALO_DESCENT,116,60,2,1,4,3,5,0,,,
521,-58.055584,1e-04,12.85075,79.76999,False,False,Action.STANDING,Action.FALLING,117,1,2,1,4,3,5,0,,,
522,-58.055584,1e-04,12.03825,83.955986,False,False,Action.STANDING,Action.JUMPING_ARIAL_FORWARD,118,1,2,0,4,3,5,0,,,
523,-58.055584,1e-04,11.3035,87.91199,False,False,Action.STANDING,Action.FAIR,119,1,2,0,4,3,5,0,,,
524,-58.055584,1e-04,10.58875,91.637985,False,False,Action.TURNING,Action.FAIR,1,2,2,0,4,3,5,0,,,
525,-58.055584,1e-04,9.894,95.13399,False,False,Action.TURNING,Action.FAIR,2,3,2,0,4,3,5,0,,,
526,-58.055584,1e-04,9.16775,98.39999,False,False,Action.TURNING,Action.FAIR,3,4,2,0,4,3,5,0,,,
527,-58.055584,1e-04,8.4615,101.43599,False,False,Action.TURNING,Action.FAIR,4,5,2,0,4,3,5,0,,,
528,-58.055584,1e-04,7.77525,104.24199,False,False,Action.TURNING,Action.FAIR,5,6,2,0,4,3,5,0,,,
529,-58.055584,1e-04,7.1089997,106.81799,True,False,Action.TURNING,Action.FAIR,6,7,2,0,4,3,5,0,,,
530,-58.055584,1e-04,6.4964995,109.163994,True,False,Action.TURNING,Action.FAIR,7,8,2,0,4,3,5,0,,,
531,-58.055584,1e-04,5.8077493,111.27999,True,False,Action.TURNING,Action.FAIR,8,9,2,0,4,3,5,0,,,
532,-58.055584,1e-04,5.1869993,113.16599,True,False,Action.TURNING,Action.FAIR,9,10,2,0,4,3,5,0,,,
533,-58.055584,1e-04,4.5022492,114.82199,True,False,Action.TURNING,Action.FAIR,10,11,2,0,4,3,5,0,,,
534,-58.055584,1e-04,3.7382493,116.24799,True,False,Action.TURNING,Action.FAIR,11,12,2,0,4,3,5,0,,,
535,-58.055584,1e-04,2.9942493,117.44399,True,False,Action.STANDING,Action.FAIR,1,13,2,0,4,3,5,0,,,
536,-58.055584,1e-04,2.2702494,118.409996,True,False,Action.STANDING,Action.FAIR,2,14,2,0,4,3,5,0,,,
537,-58.055584,1e-04,1.6082494,119.145996,True,False,Action.KNEE_BEND,Action.FAIR,1,15,2,0,4,3,5,0,,,
538,-58.055584,1e-04,0.8707494,119.65199,True,False,Action.KNEE_BEND,Action.FAIR,2,16,2,0,4,3,5,0,,,
539,-58.055584,1e-04,0.15324938,119.92799,True,False,Action.KNEE_BEND,Action.FAIR,3,17,2,0,4,3,5,0,,,
540,-58.055584,1e-04,-0.5217506,119.97399,True,False,Action.KNEE_BEND,Action.FAIR,4,18,2,0,4,3,5,0,,,
541,-58.055584,1e-04,-1.1767507,119.78999,True,False,Action.KNEE_BEND,Action.FAIR,5,19,2,0,4,3,5,0,,,
542,-57.537476,4.1001,-1.8117507,119.37599,True,False,Action.JUMPING_FORWARD,Action.FAIR,1,20,1,0,4,3,5,0,,,
543,-56.962357,8.0301,-2.4267507,115.97599,True,False,Action.JUMPING_FORWARD,Action.FAIR,2,21,1,0,4,3,5,0,,,
544,-56.348026,11.7901,-3.0285006,112.57599,True,False,Action.JUMPING_FORWARD,Action.FAIR,3,22,1,0,4,3,5,0,,,
545,-55.733696,15.3801,-3.5682507,109.17599,True,False,Action.JUMPING_FORWARD,Action.FAIR,4,23,1,0,4,3,5,0,,,
546,-55.119366,18.8001,-4.088001,105.775986,True,False,Action.JUMPING_FORWARD,Action.FAIR,5,24,1,0,4,3,5,0,,,
547,-54.505035,22.0501,-4.6810007,102.375984,True,False,Action.JUMPING_FORWARD,Action.FAIR,6,25,1,0,4,3,5,0,,,
548,-53.890705,25.1301,-5.206751,98.97598,True,False,Action.JUMPING_FORWARD,Action.FAIR,7,26,1,0,4,3,5,0,,,
549,-53.206768,28.0401,-5.7877507,95.57598,True,False,Action.JUMPING_FORWARD,Action.FAIR,8,27,1,0,4,3,5,0,,,
550,-52.45283,30.7801,-6.3487506,92.17598,True,False,Action.JUMPING_FORWARD,Action.FAIR,9,28,1,0,4,3,5,0,,,
551,-51.628895,33.350098,-6.9297504,88.77598,True,False,Action.JUMPING_FORWARD,Action.FAIR,10,29,1,0,4,3,5,0,,,
552,-50.798893,35.750095,-7.5107503,85.37598,True,False,Action.JUMPING_FORWARD,Action.FAIR,11,30,1,0,4,3,5,0,,,
553,-49.96889,37.980095,-8.09175,81.975975,True,False,Action.JUMPING_FORWARD,Action.FAIR,12,31,1,0,4,3,5,0,,,
554,-49.13889,40.040092,-8.65275,78.57597,True,False,Action.JUMPING_FORWARD,Action.FAIR,13,32,1,0,4,3,5,0,,,
555,-48.308887,41.93009,-9.23375,75.17597,True,False,Action.JUMPING_FORWARD,Action.FAIR,14,33,1,0,4,3,5,0,,,
556,-47.478886,43.65009,-9.79475,71.77597,True,False,Action.JUMPING_FORWARD,Action.FAIR,15,34,1,0,4,3,5,0,,,
557,-46.648884,45.20009,-10.42225,68.37597,True,False,Action.JUMPING_FORWARD,Action.FAIR,16,35,1,0,4,3,5,0,,,
558,-45.818882,46.580086,-10.97275,64.97597,True,False,Action.JUMPING_FORWARD,Action.FAIR,17,36,1,0,4,3,5,0,,,
559,-44.98888,47.790085,-11.55375,61.575966,True,False,Action.JUMPING_FORWARD,Action.FAIR,18,37,1,0,4,3,5,0,,,
560,-44.15888,48.830086,-12.0765,58.175964,True,False,Action.JUMPING_FORWARD,Action.FAIR,19,38,1,0,4,3,5,0,,,
561,-43.328876,49.700085,-12.57925,54.775963,True,False,Action.JUMPING_FORWARD,Action.FAIR,20,39,1,0,4,3,5,0,,,
562,-42.498875,50.400085,-13.14775,51.37596,True,False,Action.JUMPING_FORWARD,Action.FAIR,21,40,1,0,4,3,5,0,,,
563,-41.668873,50.930084,-13.69625,54.4001,True,False,Action.JUMPING_FORWARD,Action.FAIR_LANDING,22,1,1,2,4,3,5,0,,,
564,-40.83887,51.290085,-14.16475,54.4001,True,False,Action.JUMPING_FORWARD,Action.FAIR_LANDING,23,3,1,2,4,3,5,0,,,
565,-40.00887,51.480083,-14.55325,54.4001,True,False,Action.JUMPING_FORWARD,Action.FAIR_LANDING,24,6,1,2,4,3,5,0,,,
566,-39.178867,51.500084,-14.861751,54.4001,True,False,Action.JUMPING_FORWARD,Action.FAIR_LANDING,25,9,1,2,4,3,5,0,,,
567,-38.348866,51.350082,-15.090251,54.4001,True,False,Action.JUMPING_FORWARD,Action.FAIR_LANDING,26,11,1,2,4,3,5,0,,,
568,-37.538864,51.030083,-15.238751,54.4001,True,False,Action.JUMPING_FORWARD,Action.FAIR_LANDING,27,14,1,2,4,3,5,0,,,
569,-36.748863,50.54008,-15.307252,54.4001,True,False,Action.JUMPING_FORWARD,Action.FAIR_LANDING,28,17,1,2,4,3,5,0,,,
570,-35.978863,49.88008,-15.307252,54.4001,True,False,Action.JUMPING_FORWARD,Action.FAIR_LANDING,29,20,1,2,4,3,5,0,,,
571,-35.228863,49.05008,-15.307252,54.4001,True,False,Action.JUMPING_FORWARD,Action.FAIR_LANDING,30,22,1,2,4,3,5,0,,,
572,-34.498863,48.05008,-15.307252,54.4001,True,False,Action.JUMPING_FORWARD,Action.FAIR_LANDING,31,25,1,2,4,3,5,0,,,
573,-33.788864,46.880077,-15.307252,54.4001,True,False,Action.JUMPING_FORWARD,Action.FAIR_LANDING,32,28,1,2,4,3,5,0,,,
574,-33.098866,45.540077,-15.307252,54.4001,True,False,Action.JUMPING_FORWARD,Action.DOWNSMASH,33,1,1,2,4,3,5,0,,,
575,-32.428864,44.030075,-15.307252,54.4001,True,False,Action.JUMPING_FORWARD,Action.DOWNSMASH,34,2,1,2,4,3,5,0,,,
576,-31.778864,42.350075,-15.307252,54.4001,True,False,Action.JUMPING_FORWARD,Action.DOWNSMASH,35,2,1,2,4,3,5,0,,,
577,-31.148863,40.500072,-15.307252,54.4001,True,False,Action.JUMPING_FORWARD,Action.DOWNSMASH,36,2,1,2,4,3,5,0,,,
578,-30.538862,38.480072,-15.307252,54.4001,True,False,Action.JUMPING_FORWARD,Action.DOWNSMASH,37,2,1,2,4,3,5,0,,,
579,-29.948862,36.29007,-15.307252,54.4001,True,False,Action.JUMPING_FORWARD,Action.DOWNSMASH,38,3,1,2,4,3,5,0,,,
580,-29.378862,33.93007,-15.307252,54.4001,True,False,Action.JUMPING_FORWARD,Action.DOWNSMASH,39,4,1,2,4,3,5,0,,,
581,-28.828861,31.400068,-15.307252,54.4001,True,False,Action.JUMPING_FORWARD,Action.DOWNSMASH,40,5,1,2,4,3,5,0,,,
582,-28.29886,28.700068,-15.307252,54.4001,True,False,Action.FALLING,Action.DOWNSMASH,1,6,1,2,4,3,5,0,,,
583,-27.78886,25.830067,-15.307252,54.4001,True,False,Action.FALLING,Action.DOWNSMASH,2,7,1,2,4,3,5,0,,,
584,-27.266026,22.790066,-15.307252,54.4001,True,False,Action.FAIR,Action.DOWNSMASH,1,8,1,2,4,3,5,0,,,
585,-26.763191,27.2001,-15.307252,54.4001,True,False,Action.LANDING,Action.DOWNSMASH,1,9,2,2,4,3,5,0,,,
586,-26.340357,27.2001,-15.307252,54.4001,True,False,Action.LANDING,Action.DOWNSMASH,2,10,2,2,4,3,5,0,,,
587,-25.997522,27.2001,-15.307252,54.4001,True,False,Action.LANDING,Action.DOWNSMASH,3,11,2,2,4,3,5,0,,,
588,-25.734688,27.2001,-15.307252,54.4001,True,False,Action.LANDING,Action.DOWNSMASH,4,12,2,2,4,3,5,0,,,
589,-25.551853,27.2001,-15.307252,54.4001,True,False,Action.KNEE_BEND,Action.DOWNSMASH,1,13,2,2,4,3,5,0,,,
590,-25.449018,27.2001,-15.307252,54.4001,True,False,Action.KNEE_BEND,Action.DOWNSMASH,2,14,2,2,4,3,5,0,,,
591,-25.426184,27.2001,-15.307252,54.4001,True,False,Action.KNEE_BEND,Action.DOWNSMASH,3,15,2,2,4,3,5,0,,,
592,-25.426184,27.2001,-15.307252,54.4001,True,False,Action.KNEE_BEND,Action.DOWNSMASH,4,16,2,2,4,3,5,0,,,
593,-25.426184,27.2001,-15.307252,54.4001,True,False,Action.KNEE_BEND,Action.DOWNSMASH,5,17,2,2,4,3,5,0,,,
594,-25.426184,31.3001,-15.307252,54.4001,True,False,Action.JUMPING_FORWARD,Action.DOWNSMASH,1,18,1,2,4,3,5,0,,,
595,-25.426184,35.2301,-15.307252,54.4001,True,False,Action.JUMPING_FORWARD,Action.DOWNSMASH,2,19,1,2,4,3,5,0,,,
596,-25.426184,38.990097,-15.307252,54.4001,True,False,Action.JUMPING_FORWARD,Action.DOWNSMASH,3,20,1,2,4,3,5,0,,,
597,-25.426184,42.580097,-15.307252,54.4001,True,False,Action.JUMPING_FORWARD,Action.DOWNSMASH,4,21,1,2,4,3,5,0,,,
598,-25.426184,46.000095,-15.307252,54.4001,True,False,Action.JUMPING_FORWARD,Action.DOWNSMASH,5,22,1,2,4,3,5,0,,,
599,-25.426184,49.250095,-15.307252,54.4001,True,False,Action.JUMPING_FORWARD,Action.DOWNSMASH,6,23,1,2,4,3,5,0,,,
600,-25.426184,52.330093,-15.307252,54.4001,True,False,Action.JUMPING_FORWARD,Action.DOWNSMASH,7,24,1,2,4,3,5,0,,,
601,-25.426184,55.240093,-15.307252,54.4001,True,False,Action.JUMPING_FORWARD,Action.DOWNSMASH,8,25,1,2,4,3,5,0,,,
602,-25.426184,57.98009,-15.307252,54.4001,True,False,Action.JUMPING_FORWARD,Action.DOWNSMASH,9,26,1,2,4,3,5,0,,,
603,-25.426184,60.55009,-15.307252,54.4001,True,False,Action.JUMPING_FORWARD,Action.DOWNSMASH,10,27,1,2,4,3,5,0,,,
604,-25.426184,62.95009,-15.307252,54.4001,True,False,Action.JUMPING_FORWARD,Action.DOWNSMASH,11,28,1,2,4,3,5,0,,,
605,-25.426184,65.180084,-15.307252,54.4001,True,False,Action.JUMPING_FORWARD,Action.DOWNSMASH,12,29,1,2,4,3,5,0,,,
606,-25.426184,67.24008,-15.307252,54.4001,True,False,Action.JUMPING_FORWARD,Action.DOWNSMASH,13,30,1,2,4,3,5,0,,,
607,-25.426184,69.13008,-15.307252,54.4001,True,False,Action.JUMPING_FORWARD,Action.DOWNSMASH,14,31,1,2,4,3,5,0,,,
608,-25.426184,70.85008,-15.307252,54.4001,True,False,Action.JUMPING_FORWARD,Action.DOWNSMASH,15,32,1,2,4,3,5,0,,,
609,-25.426184,72.40008,-15.307252,54.4001,True,False,Action.JUMPING_FORWARD,Action.DOWNSMASH,16,33,1,2,4,3,5,0,,,
610,-25.426184,73.780075,-15.307252,54.4001,True,False,Action.JUMPING_FORWARD,Action.DOWNSMASH,17,34,1,2,4,3,5,0,,,
611,-25.426184,74.990074,-15.307252,54.4001,True,False,Action.JUMPING_FORWARD,Action.DOWNSMASH,18,35,1,2,4,3,5,0,,,
612,-25.426184,76.030075,-15.307252,54.4001,True,False,Action.NAIR,Action.DOWNSMASH,1,36,1,2,4,3,5,0,,,
613,-25.426184,76.90008,-15.307252,54.4001,True,False,Action.NAIR,Action.DOWNSMASH,2,37,1,2,4,3,5,0,,,
614,-25.426184,77.600075,-15.307252,54.4001,True,False,Action.NAIR,Action.DOWNSMASH,3,38,1,2,4,3,5,0,,,
615,-25.426184,78.13007,-15.307252,54.4001,True,False,Action.NAIR,Action.DOWNSMASH,4,39,1,2,4,3,5,0,,,
616,-25.426184,78.490074,-15.307252,54.4001,True,False,Action.NAIR,Action.DOWNSMASH,5,40,1,2,4,3,5,0,,,
617,-25.426184,78.68008,-15.307252,54.4001,True,False,Action.NAIR,Action.DOWNSMASH,6,41,1,2,4,3,5,0,,,
618,-25.426184,78.70007,-15.307252,54.4001,True,False,Action.NAIR,Action.DOWNSMASH,7,42,1,2,4,3,5,0,,,
619,-25.426184,78.55007,-15.307252,54.4001,True,False,Action.NAIR,Action.DOWNSMASH,8,43,1,2,4,3,5,0,,,
620,-25.426184,78.23007,-15.307252,54.4001,True,False,Action.NAIR,Action.DOWNSMASH,9,44,1,2,4,3,5,0,,,
621,-25.426184,77.740074,-15.307252,54.4001,True,False,Action.NAIR,Action.DOWNSMASH,10,45,1,2,4,3,5,0,,,
622,-25.426184,77.08007,-15.307252,54.4001,True,False,Action.NAIR,Action.GRAB,11,1,1,2,4,3,5,0,,,
623,-25.426184,76.25007,-15.307252,54.4001,True,False,Action.NAIR,Action.GRAB,12,2,1,2,4,3,5,0,,,
624,-25.426184,75.25007,-15.307252,54.4001,True,False,Action.NAIR,Action.GRAB,13,3,1,2,4,3,5,0,,,
625,-25.426184,74.08007,-15.307252,54.4001,True,False,Action.NAIR,Action.GRAB,14,4,1,2,4,3,5,0,,,
626,-25.426184,72.74007,-15.307252,54.4001,True,False,Action.NAIR,Action.GRAB,15,5,1,2,4,3,5,0,,,
627,-25.426184,71.230064,-15.307252,54.4001,True,False,Action.NAIR,Action.GRAB,16,6,1,2,4,3,5,0,,,
628,-25.426184,69.550064,-15.307252,54.4001,True,False,Action.NAIR,Action.GRAB,17,7,1,2,4,3,5,0,,,
629,-25.426184,67.700066,-15.307252,54.4001,True,False,Action.NAIR,Action.GRAB,18,8,1,2,4,3,5,0,,,
630,-25.426184,65.68006,-15.307252,54.4001,True,False,Action.NAIR,Action.GRAB,19,9,1,2,4,3,5,0,,,
631,-25.426184,63.49006,-15.307252,54.4001,True,False,Action.NAIR,Action.GRAB,20,10,1,2,4,3,5,0,,,
632,-25.426184,63.49006,-15.307252,54.4001,True,False,Action.NAIR,Action.GRAB,20,11,1,2,4,3,5,0,,,
633,-25.426184,63.49006,-15.307252,54.4001,True,False,Action.NAIR,Action.GRAB,20,12,1,2,4,3,5,0,,,
634,-25.426184,63.49006,-15.307252,54.4001,True,False,Action.NAIR,Action.GRAB,20,13,1,2,4,3,5,0,,,
635,-25.426184,63.49006,-15.307252,54.4001,True,False,Action.NAIR,Action.GRAB,20,14,1,2,4,3,5,0,,,
636,-25.426184,63.49006,-15.307252,54.4001,True,False,Action.NAIR,Action.GRAB,20,15,1,2,4,3,5,0,,,
637,-25.426184,61.13006,-15.307252,54.4001,True,False,Action.NAIR,Action.GRAB,21,16,1,2,4,3,5,0,,,
638,-25.426184,58.600056,-15.307252,54.4001,True,False,Action.NAIR,Action.GRAB,22,17,1,2,4,3,5,0,,,
639,-25.426184,55.900055,-15.307252,54.4001,True,False,Action.NAIR,Action.GRAB,23,18,1,2,4,3,5,0,,,
640,-25.426184,53.030052,-15.307252,54.4001,True,False,Action.NAIR,Action.GRAB,24,19,1,2,4,3,5,0,,,
641,-25.426184,49.99005,-15.307252,54.4001,True,False,Action.NAIR,Action.GRAB,25,20,1,2,4,3,5,0,,,
642,-25.426184,46.890053,-15.307252,54.4001,True,False,Action.NAIR,Action.GRAB,26,21,1,2,4,3,5,0,,,
643,-25.426184,43.790054,-15.307252,54.4001,True,False,Action.NAIR,Action.GRAB,27,22,1,2,4,3,5,0,,,
644,-25.426184,40.690056,-15.307252,54.4001,True,False,Action.NAIR,Action.GRAB,28,23,1,2,4,3,5,0,,,
645,-25.426184,37.590057,-15.307252,54.4001,True,False,Action.NAIR,Action.GRAB,29,24,1,2,4,3,5,0,,,
646,-25.426184,34.49006,-15.307252,54.4001,True,False,Action.NAIR,Action.GRAB,30,25,1,2,4,3,5,0,,,
647,-25.426184,31.390059,-15.307252,54.4001,True,False,Action.NAIR,Action.GRAB,31,26,1,2,4,3,5,0,,,
648,-25.426184,28.290058,-15.307252,54.4001,True,False,Action.NAIR,Action.GRAB,32,27,1,2,4,3,5,0,,,
649,-25.426184,25.190058,-15.307252,54.4001,True,False,Action.NAIR,Action.GRAB,33,28,1,2,4,3,5,0,,,
650,-25.426184,22.090057,-15.307252,54.4001,True,False,Action.NAIR,Action.GRAB,34,29,1,2,4,3,5,0,,,
651,-25.426184,27.2001,-15.307252,54.4001,True,False,Action.NAIR_LANDING,Action.GRAB,1,30,2,2,4,3,5,0,,,
652,-25.426184,27.2001,-15.307252,54.4001,True,False,Action.NAIR_LANDING,Action.SPOTDODGE,3,1,2,2,4,3,5,0,,,
653,-25.426184,27.2001,-15.307252,54.4001,True,False,Action.NAIR_LANDING,Action.SPOTDODGE,5,2,2,2,4,3,5,0,,,
654,-25.426184,27.2001,-15.307252,54.4001,True,False,Action.NAIR_LANDING,Action.SPOTDODGE,7,3,2,2,4,3,5,0,,,
655,-25.426184,27.2001,-15.307252,54.4001,True,False,Action.NAIR_LANDING,Action.SPOTDODGE,9,4,2,2,4,3,5,0,,,
656,-25.426184,27.2001,-15.307252,54.4001,True,False,Action.NAIR_LANDING,Action.SPOTDODGE,11,5,2,2,4,3,5,0,,,
657,-25.426184,27.2001,-15.307252,54.4001,True,False,Action.NAIR_LANDING,Action.SPOTDODGE,13,6,2,2,4,3,5,0,,,
658,-25.426184,27.2001,-15.307252,54.4001,True,False,Action.NAIR_LANDING,Action.SPOTDODGE,15,7,2,2,4,3,5,0,,,
659,-25.426184,27.2001,-15.307252,54.4001,True,False,Action.NAIR_LANDING,Action.SPOTDODGE,17,8,2,2,4,3,5,0,,,
660,-25.426184,27.2001,-15.307252,54.4001,True,False,Action.NAIR_LANDING,Action.SPOTDODGE,19,9,2,2,4,3,5,0,,,
661,-25.426184,27.2001,-15.307252,54.4001,True,False,Action.NAIR_LANDING,Action.SPOTDODGE,21,10,2,2,4,3,5,0,,,
662,-25.426184,27.2001,-15.307252,54.4001,True,False,Action.NAIR_LANDING,Action.SPOTDODGE,23,11,2,2,4,3,5,0,,,
663,-25.426184,27.2001,-15.307252,54.4001,True,False,Action.NAIR_LANDING,Action.SPOTDODGE,25,12,2,2,4,3,5,0,,,
664,-25.426184,27.2001,-15.307252,54.4001,True,False,Action.NAIR_LANDING,Action.SPOTDODGE,27,13,2,2,4,3,5,0,,,
665,-25.426184,27.2001,-15.307252,54.4001,True,False,Action.NAIR_LANDING,Action.SPOTDODGE,29,14,2,2,4,3,5,0,,,
666,-25.426184,27.2001,-15.307252,54.4001,True,False,Action.STANDING,Action.SPOTDODGE,1,15,2,2,4,3,5,0,,,
667,-25.426184,27.2001,-15.307252,54.4001,True,False,Action.KNEE_BEND,Action.SPOTDODGE,1,16,2,2,4,3,5,0,,,
668,-25.426184,27.2001,-15.307252,54.4001,True,False,Action.KNEE_BEND,Action.SPOTDODGE,2,17,2,2,4,3,5,0,,,
669,-25.426184,27.2001,-15.307252,54.4001,True,False,Action.KNEE_BEND,Action.SPOTDODGE,3,18,2,2,4,3,5,0,,,
670,-25.426184,27.2001,-15.307252,54.4001,True,False,Action.KNEE_BEND,Action.SPOTDODGE,4,19,2,2,4,3,5,0,,,
671,-25.426184,27.2001,-15.307252,54.4001,True,False,Action.KNEE_BEND,Action.SPOTDODGE,5,20,2,2,4,3,5,0,,,
672,-25.426184,31.3001,-15.307252,54.4001,True,False,Action.JUMPING_FORWARD,Action.SPOTDODGE,1,21,1,2,4,3,5,0,,,
673,-25.426184,35.2301,-15.307252,54.4001,True,False,Action.JUMPING_FORWARD,Action.SPOTDODGE,2,22,1,2,4,3,5,0,,,
674,-25.426184,38.990097,-15.307252,54.4001,True,False,Action.JUMPING_FORWARD,Action.GRAB,3,1,1,2,4,3,5,0,,,
675,-25.426184,42.580097,-15.307252,54.4001,True,False,Action.JUMPING_FORWARD,Action.GRAB,4,2,1,2,4,3,5,0,,,
676,-25.426184,46.000095,-15.307252,54.4001,True,False,Action.JUMPING_FORWARD,Action.GRAB,5,3,1,2,4,3,5,0,,,
677,-25.426184,49.250095,-15.307252,54.4001,True,False,Action.JUMPING_FORWARD,Action.GRAB,6,4,1,2,4,3,5,0,,,
678,-25.426184,52.330093,-15.307252,54.4001,True,False,Action.JUMPING_FORWARD,Action.GRAB,7,5,1,2,4,3,5,0,,,
679,-25.426184,55.240093,-15.307252,54.4001,True,False,Action.JUMPING_FORWARD,Action.GRAB,8,6,1,2,4,3,5,0,,,
680,-24.178463,49.035286,-15.307252,54.4001,True,False,Action.GRAB_PULLING_HIGH,Action.GRAB_PULLING,1,6,1,2,4,3,5,0,,,
681,-21.043423,49.082054,-15.307252,54.4001,True,False,Action.GRAB_PULLING_HIGH,Action.GRAB_PULLING,2,7,1,2,4,3,5,0,,,
682,-21.874855,53.085808,-15.307252,54.4001,False,False,Action.THROWN_UP,Action.THROW_UP,1,1,1,2,4,3,5,0,,,
683,-21.227818,53.629753,-15.307252,54.4001,False,False,Action.THROWN_UP,Action.THROW_UP,2,2,1,2,4,3,5,0,,,
684,-20.734318,53.74266,-15.307252,54.4001,False,False,Action.THROWN_UP,Action.THROW_UP,3,3,1,2,4,3,5,0,,,
685,-20.498657,53.484863,-15.307252,54.4001,False,False,Action.THROWN_UP,Action.THROW_UP,5,5,1,2,4,3,5,0,,,
686,-19.554142,61.80181,-15.307252,54.4001,False,False,Action.THROWN_UP,Action.THROW_UP,6,6,1,2,4,3,5,0,,,
687,-15.873797,67.51534,-15.307252,54.4001,False,False,Action.THROWN_UP,Action.THROW_UP,7,7,1,2,4,3,5,0,,,
688,-15.246522,71.10466,-15.307252,54.4001,True,False,Action.DAMAGE_FLY_TOP,Action.THROW_UP,2,8,1,2,4,3,7,0,,,
689,-15.246522,73.57134,-15.307252,54.4001,True,False,Action.DAMAGE_FLY_TOP,Action.THROW_UP,3,10,1,2,4,3,7,0,,,
690,-15.246522,75.81702,-15.307252,54.4001,True,False,Action.DAMAGE_FLY_TOP,Action.THROW_UP,4,11,1,2,4,3,7,0,,,
691,-15.246522,77.8417,-15.307252,54.4001,True,False,Action.DAMAGE_FLY_TOP,Action.THROW_UP,5,12,1,2,4,3,7,0,,,
692,-15.246522,79.64538,-15.307252,54.4001,True,False,Action.DAMAGE_FLY_TOP,Action.THROW_UP,6,13,1,2,4,3,7,0,,,
693,-15.246522,81.22806,-15.307252,54.4001,True,False,Action.DAMAGE_FLY_TOP,Action.THROW_UP,7,15,1,2,4,3,7,0,,,
694,-15.246522,82.58974,-15.307252,54.4001,True,False,Action.DAMAGE_FLY_TOP,Action.THROW_UP,8,16,1,2,4,3,7,0,,,
695,-15.246522,83.730415,-15.307252,54.4001,True,False,Action.DAMAGE_FLY_TOP,Action.THROW_UP,9,17,1,2,4,3,7,0,,,
696,-15.246522,84.65009,-15.307252,54.4001,True,False,Action.DAMAGE_FLY_TOP,Action.THROW_UP,10,18,1,2,4,3,7,0,,,
697,-15.246522,85.34878,-15.307252,54.4001,True,False,Action.DAMAGE_FLY_TOP,Action.THROW_UP,11,20,1,2,4,3,8,0,,,
698,-15.246522,85.826454,-15.307252,54.4001,True,False,Action.DAMAGE_FLY_TOP,Action.THROW_UP,12,21,1,2,4,3,10,0,,,
699,-15.246522,86.08313,-15.307252,54.4001,True,False,Action.DAMAGE_FLY_TOP,Action.THROW_UP,13,22,1,2,4,3,10,0,,,
700,-15.246522,86.11881,-15.307252,54.4001,True,False,Action.DAMAGE_FLY_TOP,Action.THROW_UP,14,23,1,2,4,3,10,0,,,
701,-15.246522,85.933495,-15.307252,54.4001,True,False,Action.DAMAGE_FLY_TOP,Action.THROW_UP,15,25,1,2,4,3,10,0,,,
702,-15.246522,85.52717,-15.307252,54.4001,True,False,Action.DAMAGE_FLY_TOP,Action.THROW_UP,16,26,1,2,4,3,10,0,,,
703,-15.246522,84.89984,-15.307252,54.4001,True,False,Action.DAMAGE_FLY_TOP,Action.THROW_UP,17,27,1,2,4,3,12,0,,,
704,-15.246522,84.05152,-15.307252,54.4001,True,False,Action.DAMAGE_FLY_TOP,Action.THROW_UP,18,28,1,2,4,3,12,0,,,
705,-15.246522,82.9822,-15.307252,54.4001,True,False,Action.DAMAGE_FLY_TOP,Action.THROW_UP,19,30,1,2,4,3,12,0,,,
706,-15.246522,81.82188,-15.307252,54.4001,True,False,Action.DAMAGE_FLY_TOP,Action.THROW_UP,20,31,1,2,4,3,12,0,,,
707,-15.246522,80.61056,-15.307252,54.4001,True,False,Action.DAMAGE_FLY_TOP,Action.THROW_UP,21,32,1,2,4,3,12,0,,,
708,-15.246522,79.348236,-15.307252,54.4001,True,False,Action.DAMAGE_FLY_TOP,Action.THROW_UP,22,33,1,2,4,3,12,0,,,
709,-15.246522,78.03491,-15.307252,54.4001,True,False,Action.DAMAGE_FLY_TOP,Action.THROW_UP,23,35,1,2,4,3,12,0,,,
710,-15.246522,76.67059,-15.307252,54.4001,True,False,Action.DAMAGE_FLY_TOP,Action.THROW_UP,24,36,1,2,4,3,12,0,,,
711,-15.246522,75.25527,-15.307252,54.4001,True,False,Action.DAMAGE_FLY_TOP,Action.THROW_UP,25,37,1,2,4,3,12,0,,,
712,-15.246522,73.78895,-15.307252,54.4001,True,False,Action.DAMAGE_FLY_TOP,Action.THROW_UP,26,38,1,2,4,3,12,0,,,
713,-15.246522,72.27163,-15.307252,54.4001,True,False,Action.DAMAGE_FLY_TOP,Action.SPOTDODGE,27,1,1,2,4,3,12,0,,,
714,-15.246522,70.70331,-15.307252,54.4001,True,False,Action.DAMAGE_FLY_TOP,Action.SPOTDODGE,28,2,1,2,4,3,12,0,,,
715,-15.246522,69.083984,-15.307252,54.4001,True,False,Action.DAMAGE_FLY_TOP,Action.SPOTDODGE,29,3,1,2,4,3,12,0,,,
716,-15.246522,67.413666,-15.307252,54.4001,True,False,Action.DAMAGE_FLY_TOP,Action.SPOTDODGE,30,4,1,2,4,3,12,0,,,
717,-15.246522,65.692345,-15.307252,54.4001,True,False,Action.DAMAGE_FLY_TOP,Action.SPOTDODGE,31,5,1,2,4,3,12,0,,,
718,-15.246522,63.920025,-15.307252,54.4001,True,False,Action.DAMAGE_FLY_TOP,Action.SPOTDODGE,32,6,1,2,4,3,12,0,,,
719,-15.246522,62.096703,-15.307252,54.4001,True,False,Action.DAMAGE_FLY_TOP,Action.SPOTDODGE,33,7,1,2,4,3,12,0,,,
720,-15.246522,60.22238,-15.307252,54.4001,True,False,Action.DAMAGE_FLY_TOP,Action.SPOTDODGE,34,8,1,2,4,3,12,0,,,
721,-15.246522,58.297062,-15.307252,54.4001,True,False,Action.DAMAGE_FLY_TOP,Action.SPOTDODGE,35,9,1,2,4,3,12,0,,,
722,-15.246522,56.32074,-15.307252,54.4001,True,False,Action.DAMAGE_FLY_TOP,Action.SPOTDODGE,36,10,1,2,4,3,12,0,,,
723,-15.246522,54.29342,-15.307252,54.4001,True,False,Action.DAMAGE_FLY_TOP,Action.SPOTDODGE,37,11,1,2,4,3,12,0,,,
724,-15.246522,52.2151,-15.307252,54.4001,True,False,Action.DAMAGE_FLY_TOP,Action.SPOTDODGE,38,12,1,2,4,3,12,0,,,
725,-15.246522,50.085777,-15.307252,54.4001,True,False,Action.DAMAGE_FLY_TOP,Action.SPOTDODGE,39,13,1,2,4,3,12,0,,,
726,-15.246522,54.4001,-15.307252,54.4001,True,False,Action.TECH_MISS_UP,Action.SPOTDODGE,1,14,2,2,4,3,12,0,,,
727,-14.946522,54.4001,-15.307252,54.4001,True,False,Action.TECH_MISS_UP,Action.SPOTDODGE,2,15,2,2,4,3,12,0,,,
728,-14.646522,54.4001,-15.307252,54.4001,True,False,Action.TECH_MISS_UP,Action.SPOTDODGE,3,16,2,2,4,3,12,0,,,
729,-14.646522,54.4001,-15.307252,54.4001,True,False,Action.TECH_MISS_UP,Action.SPOTDODGE,4,17,1,2,4,3,12,0,,,
730,-14.646522,54.4001,-15.307252,54.4001,True,False,Action.TECH_MISS_UP,Action.SPOTDODGE,5,18,1,2,4,3,12,0,,,
731,-14.646522,54.4001,-15.307252,54.4001,True,False,Action.TECH_MISS_UP,Action.SPOTDODGE,6,19,1,2,4,3,12,0,,,
732,-14.646522,54.4001,-15.307252,54.4001,True,False,Action.TECH_MISS_UP,Action.SPOTDODGE,7,20,1,2,4,3,12,0,,,
733,-14.646522,54.4001,-15.307252,54.4001,True,False,Action.TECH_MISS_UP,Action.SPOTDODGE,8,21,1,2,4,3,12,0,,,
734,-14.646522,54.4001,-15.307252,54.4001,True,False,Action.TECH_MISS_UP,Action.SPOTDODGE,9,22,1,2,4,3,12,0,,,
735,-14.646522,54.4001,-15.307303,54.4001,True,False,Action.TECH_MISS_UP,Action.FSMASH_MID,10,1,1,2,4,3,12,0,,,
736,-14.646522,54.4001,-15.307428,54.4001,True,False,Action.TECH_MISS_UP,Action.FSMASH_MID,11,2,1,2,4,3,12,0,,,
737,-14.646522,54.4001,-15.307582,54.4001,True,False,Action.TECH_MISS_UP,Action.FSMASH_MID,12,3,1,2,4,3,12,0,,,
738,-14.646522,54.4001,-15.307721,54.4001,True,False,Action.TECH_MISS_UP,Action.FSMASH_MID,13,4,1,2,4,3,12,0,,,
739,-14.646522,54.4001,-15.307801,54.4001,True,False,Action.TECH_MISS_UP,Action.FSMASH_MID,14,5,1,2,4,3,12,0,,,
740,-14.646522,54.4001,-15.307779,54.4001,True,False,Action.TECH_MISS_UP,Action.FSMASH_MID,15,6,1,2,4,3,12,0,,,
741,-14.646522,54.4001,-15.3076105,54.4001,True,False,Action.TECH_MISS_UP,Action.FSMASH_MID,16,7,1,2,4,3,12,0,,,
742,-14.646522,54.4001,-15.3076105,54.4001,True,False,Action.TECH_MISS_UP,Action.FSMASH_MID,17,7,1,2,4,3,12,0,,,
743,-14.646522,54.4001,-15.3076105,54.4001,True,False,Action.TECH_MISS_UP,Action.FSMASH_MID,18,7,1,2,4,3,12,0,,,
744,-14.646522,54.4001,-15.3076105,54.4001,True,False,Action.TECH_MISS_UP,Action.FSMASH_MID,19,7,1,2,4,3,12,0,,,
745,-14.646522,54.4001,-15.3076105,54.4001,True,False,Action.TECH_MISS_UP,Action.FSMASH_MID,20,7,1,2,4,3,12,0,,,
746,-14.646522,54.4001,-15.307252,54.4001,True,False,Action.TECH_MISS_UP,Action.FSMASH_MID,21,8,1,2,4,3,12,0,,,
747,-14.646522,54.4001,-16.64983,54.4001,True,False,Action.TECH_MISS_UP,Action.FSMASH_MID,22,9,1,2,4,3,12,0,,,
748,-14.346521,54.4001,-17.992409,54.4001,True,False,Action.TECH_MISS_UP,Action.FSMASH_MID,23,10,2,2,4,3,12,0,,,
749,-14.046521,54.4001,-18.800001,54.4,True,False,Action.TECH_MISS_UP,Action.FSMASH_MID,24,11,2,2,4,3,12,0,,,
750,-13.746521,54.4001,-18.800001,54.4,True,False,Action.TECH_MISS_UP,Action.FSMASH_MID,25,12,2,2,4,3,12,0,,,
751,-13.446521,54.4001,-18.800001,54.4,True,False,Action.TECH_MISS_UP,Action.FSMASH_MID,26,13,2,2,4,3,12,0,,,
752,-13.146521,54.4001,-18.800001,54.4,True,False,Action.LYING_GROUND_UP,Action.FSMASH_MID,2,14,2,2,4,3,12,0,,,
753,-12.84652,54.4001,-18.800001,54.4,True,False,Action.GROUND_ATTACK_UP,Action.FSMASH_MID,1,15,2,2,4,3,12,0,,,
754,-12.54652,54.4001,-18.800001,54.4,True,False,Action.GROUND_ATTACK_UP,Action.FSMASH_MID,2,16,2,2,4,3,12,0,,,
755,-12.24652,54.4001,-18.800001,54.4,True,False,Action.GROUND_ATTACK_UP,Action.FSMASH_MID,3,17,2,2,4,3,12,0,,,
756,-11.94652,54.4001,-18.800001,54.4,True,False,Action.GROUND_ATTACK_UP,Action.FSMASH_MID,4,18,2,2,4,3,12,0,,,
757,-11.94652,54.4001,-18.800001,54.4,True,False,Action.GROUND_ATTACK_UP,Action.FSMASH_MID,5,19,2,2,4,3,12,0,,,
758,-11.94652,54.4001,-18.800001,54.4,True,False,Action.GROUND_ATTACK_UP,Action.FSMASH_MID,6,20,2,2,4,3,12,0,,,
759,-11.94652,54.4001,-18.800001,54.4,True,False,Action.GROUND_ATTACK_UP,Action.FSMASH_MID,7,21,2,2,4,3,12,0,,,
760,-11.94652,54.4001,-18.800001,54.4,True,False,Action.GROUND_ATTACK_UP,Action.FSMASH_MID,8,22,2,2,4,3,12,0,,,
761,-11.94652,54.4001,-18.800001,54.4,True,False,Action.GROUND_ATTACK_UP,Action.FSMASH_MID,9,23,2,2,4,3,12,0,,,
762,-11.94652,54.4001,-18.800001,54.4,True,False,Action.GROUND_ATTACK_UP,Action.FSMASH_MID,10,24,2,2,4,3,12,0,,,
763,-11.94652,54.4001,-18.800001,54.4,True,False,Action.GROUND_ATTACK_UP,Action.FSMASH_MID,11,25,2,2,4,3,12,0,,,
764,-11.94652,54.4001,-18.800001,54.4,True,False,Action.GROUND_ATTACK_UP,Action.FSMASH_MID,12,26,2,2,4,3,12,0,,,
765,-11.94652,54.4001,-18.800001,54.4,True,False,Action.GROUND_ATTACK_UP,Action.FSMASH_MID,13,27,2,2,4,3,12,0,,,
766,-11.94652,54.4001,-18.800001,54.4,True,False,Action.GROUND_ATTACK_UP,Action.FSMASH_MID,14,28,2,2,4,3,12,0,,,
767,-11.94652,54.4001,-18.800001,54.4,True,False,Action.GROUND_ATTACK_UP,Action.FSMASH_MID,15,29,2,2,4,3,12,0,,,
768,-11.94652,54.4001,-18.800001,54.4,True,False,Action.GROUND_ATTACK_UP,Action.FSMASH_MID,16,30,2,2,4,3,12,0,,,
769,-11.94652,54.4001,-18.800001,54.4001,True,False,Action.GROUND_ATTACK_UP,Action.FSMASH_MID,17,31,2,2,4,3,12,0,,,
770,-11.94652,54.4001,-18.800001,54.4001,True,False,Action.GROUND_ATTACK_UP,Action.FSMASH_MID,18,32,2,2,4,3,12,0,,,
771,-11.94652,54.4001,-18.800001,54.4001,True,False,Action.GROUND_ATTACK_UP,Action.FSMASH_MID,19,33,2,2,4,3,12,0,,,
772,-11.94652,54.4001,-18.800001,54.4001,True,False,Action.GROUND_ATTACK_UP,Action.FSMASH_MID,20,34,2,2,4,3,12,0,,,
773,-11.94652,54.4001,-18.800001,54.4001,True,False,Action.GROUND_ATTACK_UP,Action.FSMASH_MID,21,35,2,2,4,3,12,0,,,
774,-11.94652,54.4001,-18.800001,54.4001,True,False,Action.GROUND_ATTACK_UP,Action.FSMASH_MID,22,36,2,2,4,3,12,0,,,
775,-11.94652,54.4001,-18.800001,54.4001,True,False,Action.GROUND_ATTACK_UP,Action.FSMASH_MID,23,37,2,2,4,3,12,0,,,
776,-11.94652,54.4001,-18.800001,54.4001,True,True,Action.GROUND_ATTACK_UP,Action.DAMAGE_FLY_NEUTRAL,24,1,2,1,4,3,12,6,,,
777,-11.94652,54.4001,-18.800001,54.4001,True,True,Action.GROUND_ATTACK_UP,Action.DAMAGE_FLY_NEUTRAL,24,1,2,1,4,3,12,6,,,
778,-11.94652,54.4001,-22.025002,54.4,True,True,Action.GROUND_ATTACK_UP,Action.DAMAGE_FLY_NEUTRAL,24,1,2,1,4,3,12,6,,,
779,-11.94652,54.4001,-22.025002,54.4,True,True,Action.GROUND_ATTACK_UP,Action.DAMAGE_FLY_NEUTRAL,24,1,2,1,4,3,12,6,,,
780,-11.94652,54.4001,-22.025002,54.4,True,True,Action.GROUND_ATTACK_UP,Action.DAMAGE_FLY_NEUTRAL,24,1,2,1,4,3,12,6,,,
781,-11.94652,54.4001,-21.422453,54.683537,True,True,Action.GROUND_ATTACK_UP,Action.DAMAGE_FLY_NEUTRAL,25,2,2,1,4,3,12,6,,,
782,-11.94652,54.4001,-23.553509,55.757282,True,True,Action.GROUND_ATTACK_UP,Action.DAMAGE_FLY_NEUTRAL,26,3,2,1,4,3,12,6,,,
783,-11.94652,54.4001,-25.643171,56.571236,True,True,Action.GROUND_ATTACK_UP,Action.DAMAGE_FLY_NEUTRAL,27,4,2,1,4,3,12,6,,,
784,-11.94652,54.4001,-27.69144,57.125397,True,True,Action.GROUND_ATTACK_UP,Action.DAMAGE_FLY_NEUTRAL,28,5,2,1,4,3,12,6,,,
785,-11.94652,54.4001,-29.698315,57.419765,True,True,Action.GROUND_ATTACK_UP,Action.DAMAGE_FLY_NEUTRAL,29,6,2,1,4,3,12,6,,,
786,-11.94652,54.4001,-31.663795,57.45434,True,True,Action.GROUND_ATTACK_UP,Action.DAMAGE_FLY_NEUTRAL,30,7,2,1,4,3,12,6,,,
787,-11.94652,54.4001,-33.587883,57.229126,True,True,Action.GROUND_ATTACK_UP,Action.DAMAGE_FLY_NEUTRAL,31,8,2,1,4,3,12,6,,,
788,-11.94652,54.4001,-35.470577,56.74412,True,True,Action.GROUND_ATTACK_UP,Action.DAMAGE_FLY_NEUTRAL,32,9,2,1,4,3,12,6,,,
789,-11.94652,54.4001,-37.311874,55.999325,True,True,Action.GROUND_ATTACK_UP,Action.DAMAGE_FLY_NEUTRAL,33,10,2,1,4,3,12,6,,,
790,-11.94652,54.4001,-39.11178,54.994736,True,True,Action.GROUND_ATTACK_UP,Action.DAMAGE_FLY_NEUTRAL,34,11,2,1,4,3,12,6,,,
791,-11.94652,54.4001,-40.87029,53.73036,True,True,Action.GROUND_ATTACK_UP,Action.DAMAGE_FLY_NEUTRAL,35,12,2,1,4,3,12,6,,,
792,-11.94652,54.4001,-42.587406,52.20619,True,True,Action.GROUND_ATTACK_UP,Action.DAMAGE_FLY_NEUTRAL,36,13,2,1,4,3,12,6,,,
793,-11.94652,54.4001,-44.26313,50.612225,True,True,Action.GROUND_ATTACK_UP,Action.DAMAGE_FLY_NEUTRAL,37,14,2,1,4,3,12,6,,,
794,-11.94652,54.4001,-45.89746,48.988472,True,True,Action.GROUND_ATTACK_UP,Action.DAMAGE_FLY_NEUTRAL,38,15,2,1,4,3,12,6,,,
795,-11.94652,54.4001,-47.4904,47.334927,True,True,Action.GROUND_ATTACK_UP,Action.DAMAGE_FLY_NEUTRAL,39,16,2,1,4,3,12,6,,,
796,-11.94652,54.4001,-49.04194,45.65159,True,True,Action.GROUND_ATTACK_UP,Action.DAMAGE_FLY_NEUTRAL,40,17,2,1,4,3,12,6,,,
797,-11.94652,54.4001,-50.552086,43.938457,True,True,Action.GROUND_ATTACK_UP,Action.DAMAGE_FLY_NEUTRAL,41,18,2,1,4,3,12,6,,,
798,-11.94652,54.4001,-52.02084,42.195538,True,True,Action.GROUND_ATTACK_UP,Action.DAMAGE_FLY_NEUTRAL,42,19,2,1,4,3,12,6,,,
799,-11.94652,54.4001,-53.4482,40.422825,True,True,Action.GROUND_ATTACK_UP,Action.DAMAGE_FLY_NEUTRAL,43,20,2,1,4,3,12,6,,,
800,-11.94652,54.4001,-54.834167,38.62032,True,True,Action.GROUND_ATTACK_UP,Action.DAMAGE_FLY_NEUTRAL,44,21,2,1,4,3,12,6,,,
801,-11.94652,54.4001,-56.17874,36.788025,True,True,Action.GROUND_ATTACK_UP,Action.DAMAGE_FLY_NEUTRAL,45,22,2,1,4,3,12,6,,,
802,-11.94652,54.4001,-57.48192,34.925938,True,True,Action.GROUND_ATTACK_UP,Action.DAMAGE_FLY_NEUTRAL,46,23,2,1,4,3,12,6,,,
803,-11.94652,54.4001,-58.743702,33.034058,True,True,Action.GROUND_ATTACK_UP,Action.DAMAGE_FLY_NEUTRAL,47,24,2,1,4,3,12,6,,,
804,-11.94652,54.4001,-59.964092,31.112387,True,True,Action.GROUND_ATTACK_UP,Action.DAMAGE_FLY_NEUTRAL,48,25,2,1,4,3,12,6,,,
805,-11.94652,54.4001,-61.14309,29.160925,True,True,Action.GROUND_ATTACK_UP,Action.DAMAGE_FLY_NEUTRAL,49,26,2,1,4,3,12,6,,,
806,-11.94652,54.4001,-62.280693,27.17967,True,True,Action.TURNING,Action.DAMAGE_FLY_NEUTRAL,1,27,2,1,4,3,12,6,,,
807,-11.94652,54.4001,-63.376904,25.168625,True,True,Action.TURNING,Action.DAMAGE_FLY_NEUTRAL,2,28,2,1,4,3,12,6,,,
808,-11.94652,54.4001,-64.43172,23.127789,True,True,Action.TURNING,Action.DAMAGE_FLY_NEUTRAL,3,29,2,1,4,3,12,6,,,
809,-11.94652,54.4001,-65.44514,21.05716,True,True,Action.TURNING,Action.DAMAGE_FLY_NEUTRAL,4,29,2,1,4,3,12,6,,,
810,-11.94652,54.4001,-66.41717,18.95674,True,True,Action.TURNING,Action.DAMAGE_FLY_NEUTRAL,5,29,2,1,4,3,12,6,,,
811,-11.94652,54.4001,-67.3478,16.826527,False,True,Action.TURNING,Action.DAMAGE_FLY_NEUTRAL,6,29,2,1,4,3,12,6,,,
812,-11.94652,54.4001,-68.23704,14.666522,False,True,Action.TURNING,Action.DAMAGE_FLY_NEUTRAL,7,29,2,1,4,3,12,6,,,
813,-11.94652,54.4001,-69.084885,12.476726,False,True,Action.TURNING,Action.DAMAGE_FLY_NEUTRAL,8,29,2,1,4,3,12,6,,,
814,-11.94652,54.4001,-69.891335,10.257137,False,True,Action.TURNING,Action.DAMAGE_FLY_NEUTRAL,9,29,2,1,4,3,12,6,,,
815,-11.94652,54.4001,-70.656395,8.007757,False,True,Action.TURNING,Action.DAMAGE_FLY_NEUTRAL,10,29,2,1,4,3,12,6,,,
816,-11.94652,54.4001,-72.11381,12.714587,False,True,Action.TURNING,Action.JUMPING_ARIAL_BACKWARD,11,1,2,0,4,3,12,6,,,
817,-11.94652,54.4001,-73.50983,17.161625,False,True,Action.STANDING,Action.DAIR,1,1,2,0,4,3,12,6,,,
818,-11.94652,54.4001,-74.84445,21.34887,False,True,Action.STANDING,Action.DAIR,2,2,2,0,4,3,12,6,,,
819,-11.94652,54.4001,-76.11768,25.276323,False,True,Action.STANDING,Action.DAIR,3,3,2,0,4,3,12,6,,,
820,-11.94652,54.4001,-77.42953,28.943987,False,True,Action.STANDING,Action.DAIR,4,4,2,0,4,3,12,6,,,
821,-11.94652,54.4001,-78.65822,32.35186,False,True,Action.STANDING,Action.DAIR,5,5,2,0,4,3,12,6,,,
822,-11.94652,54.4001,-79.82552,35.49994,False,True,Action.STANDING,Action.DAIR,6,6,2,0,4,3,12,6,,,
823,-11.94652,54.4001,-81.01681,38.388226,False,True,Action.CROUCH_START,Action.DAIR,1,7,2,0,4,3,12,6,,,
824,-11.94652,54.4001,-82.14669,41.016724,False,True,Action.CROUCH_START,Action.DAIR,2,8,2,0,4,3,12,6,,,
825,-11.94652,54.4001,-83.21519,43.38543,False,True,Action.CROUCH_START,Action.DAIR,3,9,2,0,4,3,12,6,,,
826,-11.94652,53.730103,-84.320786,45.494343,False,True,Action.PLATFORM_DROP,Action.DAIR,0,10,1,0,4,3,12,6,,,
827,-11.94652,52.890102,-85.32299,47.343464,False,True,Action.PLATFORM_DROP,Action.DAIR,1,11,1,0,4,3,12,6,,,
828,-11.94652,51.880104,-86.2638,48.932793,False,True,Action.PLATFORM_DROP,Action.DAIR,2,12,1,0,4,3,12,6,,,
829,-11.94652,50.700104,-87.14322,50.26233,False,True,Action.PLATFORM_DROP,Action.DAIR,3,13,1,0,4,3,12,6,,,
830,-12.0161295,49.350105,-87.91924,51.332073,False,True,Action.PLATFORM_DROP,Action.DAIR,4,14,1,0,4,3,12,6,,,
831,-12.155348,47.830105,-88.70675,52.14203,False,True,Action.PLATFORM_DROP,Action.DAIR,5,15,1,0,4,3,12,6,,,
832,-12.364176,46.140106,-89.38336,52.692192,False,True,Action.PLATFORM_DROP,Action.DAIR,6,16,1,0,4,3,12,6,,,
833,-12.642613,44.280106,-89.99858,52.982563,False,True,Action.PLATFORM_DROP,Action.DAIR,7,17,1,0,4,3,12,6,,,
834,-12.990661,42.250107,-90.57958,53.028564,False,True,Action.PLATFORM_DROP,Action.DAIR,8,18,1,0,4,3,12,6,,,
835,-13.408317,40.050106,-91.082085,52.844566,False,True,Action.PLATFORM_DROP,Action.DAIR,9,19,1,0,4,3,12,6,,,
836,-13.895582,37.680107,-91.66383,52.430565,False,True,Action.PLATFORM_DROP,Action.DAIR,10,20,1,0,4,3,12,6,,,
837,-14.452457,35.140106,-92.206085,51.786564,False,True,Action.PLATFORM_DROP,Action.DAIR,11,21,1,0,4,3,12,6,,,
838,-15.078941,32.430107,-92.72833,48.386562,False,True,Action.PLATFORM_DROP,Action.DAIR,12,22,1,0,4,3,12,6,,,
839,-15.775035,29.550106,-93.324585,44.98656,False,True,Action.PLATFORM_DROP,Action.DAIR,13,23,1,0,4,3,12,6,,,
840,-16.540737,26.500107,-93.85883,41.58656,False,True,Action.PLATFORM_DROP,Action.DAIR,14,24,1,0,4,3,12,6,,,
841,-17.364252,23.400106,-94.46933,38.186558,False,True,Action.PLATFORM_DROP,Action.DAIR,15,25,1,0,4,3,12,6,,,
842,-18.187767,20.300106,-95.01783,34.786556,False,True,Action.PLATFORM_DROP,Action.DAIR,16,26,1,0,4,3,12,6,,,
843,-19.011282,17.200106,-95.48858,31.386557,False,True,Action.PLATFORM_DROP,Action.DAIR,17,27,1,0,4,3,12,6,,,
844,-19.834797,14.100105,-96.03258,27.986557,False,True,Action.PLATFORM_DROP,Action.DAIR,18,28,1,0,4,3,12,6,,,
845,-20.658312,11.000105,-96.55658,24.586557,False,True,Action.PLATFORM_DROP,Action.DAIR,19,29,1,0,4,3,12,6,,,
846,-21.481827,7.900105,-97.01483,21.186558,False,True,Action.PLATFORM_DROP,Action.DAIR,20,30,1,0,4,3,12,6,,,
847,-22.305342,4.800105,-97.429085,17.786558,False,True,Action.PLATFORM_DROP,Action.DAIR,21,31,1,0,4,3,12,6,,,
848,-23.128857,1.7001052,-97.82333,14.386559,False,True,Action.PLATFORM_DROP,Action.DAIR,22,32,1,0,4,3,12,6,,,
849,-23.952372,-1.3998947,-98.29083,10.986559,False,True,Action.PLATFORM_DROP,Action.DAIR,23,33,1,0,4,3,12,6,,,
850,-24.775887,-4.4998946,-98.757706,7.586559,False,True,Action.PLATFORM_DROP,Action.DAIR,24,34,1,0,4,3,12,6,,,
851,-25.599401,0.0001001358,-99.18583,4.1865587,False,True,Action.LANDING,Action.DAIR,1,35,2,0,4,3,12,6,,,
852,-26.342916,1e-04,-99.67596,0.7865586,False,True,Action.LANDING,Action.DAIR,2,36,2,0,4,3,12,6,,,
853,-27.006432,1e-04,-100.12583,-2.6134415,False,True,Action.LANDING,Action.DAIR,3,37,2,0,4,3,12,6,,,
854,-27.589947,1e-04,-100.510704,-6.0134416,False,True,Action.LANDING,Action.DAIR,4,38,2,0,4,3,12,6,,,
855,-28.222456,1e-04,-100.96058,-9.413442,False,True,Action.WALK_MIDDLE,Action.DAIR,1,39,2,0,4,3,12,6,,,
856,-28.897972,1e-04,-101.39046,-12.813442,False,True,Action.WALK_MIDDLE,Action.DAIR,2,40,2,0,4,3,12,6,,,
857,-29.611237,1e-04,-101.75908,-16.213442,False,True,Action.WALK_MIDDLE,Action.DAIR,3,41,2,0,4,3,12,6,,,
858,-30.35645,1e-04,-102.107704,-19.613441,False,True,Action.WALK_MIDDLE,Action.DAIR,4,42,2,0,4,3,12,6,,,
859,-31.129686,1e-04,-102.51233,-23.013441,False,True,Action.WALK_MIDDLE,Action.DAIR,5,43,2,0,4,3,12,6,,,
860,-31.927505,1e-04,-102.97895,-26.41344,False,True,Action.WALK_MIDDLE,Action.DAIR,6,44,2,0,4,3,12,6,,,
861,-32.745644,1e-04,-103.507576,-29.81344,False,True,Action.WALK_MIDDLE,Action.DAIR,8,45,2,0,4,3,12,6,,,
862,-33.581593,1e-04,-104.1162,-33.21344,False,True,Action.WALK_MIDDLE,Action.DAIR,9,46,2,0,4,3,12,6,,,
863,-34.433155,1e-04,-104.70483,-36.61344,False,True,Action.WALK_MIDDLE,Action.DAIR,11,47,2,0,4,3,12,6,,,
864,-35.298405,1e-04,-105.3727,-40.013443,False,True,Action.WALK_MIDDLE,Action.DAIR,12,48,2,0,4,3,12,6,,,
865,-36.174355,1e-04,-106.11908,-43.413445,False,True,Action.WALK_MIDDLE,Action.DAIR,14,49,2,0,4,3,12,6,,,
866,-37.059677,1e-04,-106.84545,-46.813446,False,True,Action.WALK_MIDDLE,Action.BAIR,15,1,2,0,4,3,12,6,,,
867,-37.953213,1e-04,-107.55183,-50.213448,False,True,Action.WALK_MIDDLE,Action.BAIR,17,2,2,0,4,3,12,6,,,
868,-38.852615,1e-04,-108.32995,-53.61345,False,True,Action.WALK_MIDDLE,Action.BAIR,18,3,2,0,4,3,12,6,,,
869,-39.757153,1e-04,-109.046074,-57.01345,False,True,Action.WALK_MIDDLE,Action.BAIR,20,4,2,0,4,3,12,6,,,
870,-40.66484,1e-04,-109.7827,-60.413452,False,True,Action.WALK_MIDDLE,Action.BAIR,21,5,2,0,4,3,12,6,,,
871,-41.575283,1e-04,-110.49932,-63.813454,False,True,Action.WALK_MIDDLE,Action.BAIR,23,6,2,0,4,3,12,6,,,
872,-42.488136,1e-04,-111.195946,-67.213455,False,True,Action.WALK_MIDDLE,Action.BAIR,24,7,2,0,4,3,12,6,,,
873,-43.40173,1e-04,-111.872574,-70.61346,False,True,Action.WALK_MIDDLE,Action.BAIR,26,8,2,0,4,3,12,6,,,
874,-44.31597,1e-04,-112.5292,-74.01346,False,True,Action.WALK_MIDDLE,Action.BAIR,28,9,2,0,4,3,12,6,,,
875,-45.23078,1e-04,-113.265076,-77.41346,False,True,Action.WALK_MIDDLE,Action.BAIR,29,10,2,0,4,3,12,6,,,
876,-46.138596,1e-04,-113.98095,-80.81346,False,True,Action.WALK_MIDDLE,Action.BAIR,31,11,2,0,4,3,12,6,,,
877,-47.04641,1e-04,-114.67683,-84.21346,False,True,Action.WALK_MIDDLE,Action.BAIR,32,12,2,0,4,3,12,6,,,
878,-47.954224,1e-04,-115.42383,-87.613464,False,True,Action.WALK_MIDDLE,Action.BAIR,34,13,2,0,4,3,12,6,,,
879,-48.851097,1e-04,-116.150826,-91.013466,False,True,Action.WALK_MIDDLE,Action.BAIR,1,14,2,0,4,3,12,6,,,
880,-49.74797,1e-04,-116.95708,-94.41347,False,True,Action.WALK_MIDDLE,Action.BAIR,2,15,2,0,4,3,12,6,,,
881,-50.644844,1e-04,-117.743324,-97.81347,False,True,Action.WALK_MIDDLE,Action.BAIR,4,16,2,0,4,3,12,6,,,
882,-51.53078,1e-04,-118.509575,-101.21347,False,True,Action.WALK_MIDDLE,Action.BAIR,5,17,2,0,4,3,12,6,,,
883,-52.416718,1e-04,-119.25658,-104.61347,False,True,Action.WALK_MIDDLE,Action.BAIR,7,18,2,0,4,3,12,6,,,
884,-53.302654,1e-04,-119.983574,-108.01347,False,True,Action.WALK_MIDDLE,Action.BAIR,9,19,2,0,4,3,12,6,,,
885,-54.177654,1e-04,-120.690575,-111.413475,False,True,Action.WALK_MIDDLE,Action.DEAD_DOWN,10,-1,2,0,4,2,12,6,,,
886,-55.052654,1e-04,-120.690575,-111.413475,False,True,Action.WALK_MIDDLE,Action.DEAD_DOWN,12,-1,2,0,4,2,12,6,,,
887,-55.927654,1e-04,-120.690575,-111.413475,False,True,Action.WALK_MIDDLE,Action.DEAD_DOWN,13,-1,2,0,4,2,12,6,,,
888,-56.722652,1e-04,-120.690575,-111.413475,False,True,Action.STANDING,Action.DEAD_DOWN,1,-1,2,0,4,2,12,6,,,
889,-57.437653,1e-04,-120.690575,-111.413475,False,True,Action.TAUNT_RIGHT,Action.DEAD_DOWN,1,-1,2,0,4,2,12,6,,,
890,-58.07265,1e-04,-120.690575,-111.413475,False,True,Action.TAUNT_RIGHT,Action.DEAD_DOWN,2,-1,2,0,4,2,12,6,,,
891,-58.62765,1e-04,-120.690575,-111.413475,False,True,Action.TAUNT_RIGHT,Action.DEAD_DOWN,3,-1,2,0,4,2,12,6,,,
892,-59.10265,1e-04,-120.690575,-111.413475,False,True,Action.TAUNT_RIGHT,Action.DEAD_DOWN,4,-1,2,0,4,2,12,6,,,
893,-59.49765,1e-04,-120.690575,-111.413475,False,True,Action.TAUNT_RIGHT,Action.DEAD_DOWN,5,-1,2,0,4,2,12,6,,,
894,-59.81265,1e-04,-120.690575,-111.413475,False,True,Action.TAUNT_RIGHT,Action.DEAD_DOWN,6,-1,2,0,4,2,12,6,,,
895,-60.04765,1e-04,-120.690575,-111.413475,False,True,Action.TAUNT_RIGHT,Action.DEAD_DOWN,7,-1,2,0,4,2,12,6,,,
896,-60.20265,1e-04,-120.690575,-111.413475,False,True,Action.TAUNT_RIGHT,Action.DEAD_DOWN,8,-1,2,0,4,2,12,6,,,
897,-60.27765,1e-04,-120.690575,-111.413475,False,True,Action.TAUNT_RIGHT,Action.DEAD_DOWN,9,-1,2,0,4,2,12,6,,,
898,-60.27765,1e-04,-120.690575,-111.413475,False,True,Action.TAUNT_RIGHT,Action.DEAD_DOWN,10,-1,2,0,4,2,12,6,,,
899,-60.27765,1e-04,-120.690575,-111.413475,False,True,Action.TAUNT_RIGHT,Action.DEAD_DOWN,11,-1,2,0,4,2,12,6,,,
900,-60.27765,1e-04,-120.690575,-111.413475,False,True,Action.TAUNT_RIGHT,Action.DEAD_DOWN,12,-1,2,0,4,2,12,6,,,
901,-60.27765,1e-04,-120.690575,-111.413475,False,True,Action.TAUNT_RIGHT,Action.DEAD_DOWN,13,-1,2,0,4,2,12,6,,,
902,-60.27765,1e-04,-120.690575,-111.413475,False,True,Action.TAUNT_RIGHT,Action.DEAD_DOWN,14,-1,2,0,4,2,12,6,,,
903,-60.27765,1e-04,-120.690575,-111.413475,False,True,Action.TAUNT_RIGHT,Action.DEAD_DOWN,15,-1,2,0,4,2,12,6,,,
904,-60.27765,1e-04,-120.690575,-111.413475,False,True,Action.TAUNT_RIGHT,Action.DEAD_DOWN,16,-1,2,0,4,2,12,6,,,
905,-60.27765,1e-04,-120.690575,-111.413475,False,True,Action.TAUNT_RIGHT,Action.DEAD_DOWN,17,-1,2,0,4,2,12,6,,,
906,-60.27765,1e-04,-120.690575,-111.413475,False,True,Action.TAUNT_RIGHT,Action.DEAD_DOWN,18,-1,2,0,4,2,12,6,,,
907,-60.27765,1e-04,-120.690575,-111.413475,False,True,Action.TAUNT_RIGHT,Action.DEAD_DOWN,19,-1,2,0,4,2,12,6,,,
908,-60.27765,1e-04,-120.690575,-111.413475,False,True,Action.TAUNT_RIGHT,Action.DEAD_DOWN,20,-1,2,0,4,2,12,6,,,
909,-60.27765,1e-04,-120.690575,-111.413475,False,True,Action.TAUNT_RIGHT,Action.DEAD_DOWN,21,-1,2,0,4,2,12,6,,,
910,-60.27765,1e-04,-120.690575,-111.413475,False,True,Action.TAUNT_RIGHT,Action.DEAD_DOWN,22,-1,2,0,4,2,12,6,,,
911,-60.27765,1e-04,-120.690575,-111.413475,False,True,Action.TAUNT_RIGHT,Action.DEAD_DOWN,23,-1,2,0,4,2,12,6,,,
912,-60.27765,1e-04,-120.690575,-111.413475,False,True,Action.TAUNT_RIGHT,Action.DEAD_DOWN,24,-1,2,0,4,2,12,6,,,
913,-60.27765,1e-04,-120.690575,-111.413475,False,True,Action.TAUNT_RIGHT,Action.DEAD_DOWN,25,-1,2,0,4,2,12,6,,,
914,-60.27765,1e-04,-120.690575,-111.413475,False,True,Action.TAUNT_RIGHT,Action.DEAD_DOWN,26,-1,2,0,4,2,12,6,,,
915,-60.27765,1e-04,-120.690575,-111.413475,False,True,Action.TAUNT_RIGHT,Action.DEAD_DOWN,27,-1,2,0,4,2,12,6,,,
916,-60.27765,1e-04,-120.690575,-111.413475,False,True,Action.TAUNT_RIGHT,Action.DEAD_DOWN,28,-1,2,0,4,2,12,6,,,
917,-60.27765,1e-04,-120.690575,-111.413475,False,True,Action.TAUNT_RIGHT,Action.DEAD_DOWN,29,-1,2,0,4,2,12,6,,,
918,-60.27765,1e-04,-120.690575,-111.413475,False,True,Action.TAUNT_RIGHT,Action.DEAD_DOWN,30,-1,2,0,4,2,12,6,,,
919,-60.27765,1e-04,-120.690575,-111.413475,False,True,Action.TAUNT_RIGHT,Action.DEAD_DOWN,31,-1,2,0,4,2,12,6,,,
920,-60.27765,1e-04,-120.690575,-111.413475,False,True,Action.TAUNT_RIGHT,Action.DEAD_DOWN,32,-1,2,0,4,2,12,6,,,
921,-60.27765,1e-04,-120.690575,-111.413475,False,True,Action.TAUNT_RIGHT,Action.DEAD_DOWN,33,-1,2,0,4,2,12,6,,,
922,-60.27765,1e-04,-120.690575,-111.413475,False,True,Action.TAUNT_RIGHT,Action.DEAD_DOWN,34,-1,2,0,4,2,12,6,,,
923,-60.27765,1e-04,-120.690575,-111.413475,False,True,Action.TAUNT_RIGHT,Action.DEAD_DOWN,35,-1,2,0,4,2,12,6,,,
924,-60.27765,1e-04,-120.690575,-111.413475,False,True,Action.TAUNT_RIGHT,Action.DEAD_DOWN,36,-1,2,0,4,2,12,6,,,
925,-60.27765,1e-04,-120.690575,-111.413475,False,True,Action.TAUNT_RIGHT,Action.DEAD_DOWN,37,-1,2,0,4,2,12,6,,,
926,-60.27765,1e-04,-120.690575,-111.413475,False,True,Action.TAUNT_RIGHT,Action.DEAD_DOWN,38,-1,2,0,4,2,12,6,,,
927,-60.27765,1e-04,-120.690575,-111.413475,False,True,Action.TAUNT_RIGHT,Action.DEAD_DOWN,39,-1,2,0,4,2,12,6,,,
928,-60.27765,1e-04,-120.690575,-111.413475,False,True,Action.TAUNT_RIGHT,Action.DEAD_DOWN,40,-1,2,0,4,2,12,6,,,
929,-60.27765,1e-04,-120.690575,-111.413475,False,True,Action.TAUNT_RIGHT,Action.DEAD_DOWN,41,-1,2,0,4,2,12,6,,,
930,-60.27765,1e-04,-120.690575,-111.413475,False,True,Action.TAUNT_RIGHT,Action.DEAD_DOWN,42,-1,2,0,4,2,12,6,,,
931,-60.27765,1e-04,-120.690575,-111.413475,False,True,Action.TAUNT_RIGHT,Action.DEAD_DOWN,43,-1,2,0,4,2,12,6,,,
932,-60.27765,1e-04,-120.690575,-111.413475,False,True,Action.TAUNT_RIGHT,Action.DEAD_DOWN,44,-1,2,0,4,2,12,6,,,
933,-60.27765,1e-04,-120.690575,-111.413475,False,True,Action.TAUNT_RIGHT,Action.DEAD_DOWN,45,-1,2,0,4,2,12,6,,,
934,-60.27765,1e-04,-120.690575,-111.413475,False,True,Action.TAUNT_RIGHT,Action.DEAD_DOWN,46,-1,2,0,4,2,12,6,,,
935,-60.27765,1e-04,-120.690575,-111.413475,False,True,Action.TAUNT_RIGHT,Action.DEAD_DOWN,47,-1,2,0,4,2,12,6,,,
936,-60.27765,1e-04,-120.690575,-111.413475,False,True,Action.TAUNT_RIGHT,Action.DEAD_DOWN,48,-1,2,0,4,2,12,6,,,
937,-60.27765,1e-04,-120.690575,-111.413475,False,True,Action.TAUNT_RIGHT,Action.DEAD_DOWN,49,-1,2,0,4,2,12,6,,,
938,-60.27765,1e-04,-120.690575,-111.413475,False,True,Action.TAUNT_RIGHT,Action.DEAD_DOWN,50,-1,2,0,4,2,12,6,,,
939,-60.27765,1e-04,-120.690575,-111.413475,False,True,Action.TAUNT_RIGHT,Action.DEAD_DOWN,51,-1,2,0,4,2,12,6,,,
940,-60.27765,1e-04,-120.690575,-111.413475,False,True,Action.TAUNT_RIGHT,Action.DEAD_DOWN,52,-1,2,0,4,2,12,6,,,
941,-60.27765,1e-04,-120.690575,-111.413475,False,True,Action.TAUNT_RIGHT,Action.DEAD_DOWN,53,-1,2,0,4,2,12,6,,,
942,-60.27765,1e-04,-120.690575,-111.413475,False,True,Action.TAUNT_RIGHT,Action.DEAD_DOWN,54,-1,2,0,4,2,12,6,,,
943,-60.27765,1e-04,-120.690575,-111.413475,False,True,Action.TAUNT_RIGHT,Action.DEAD_DOWN,55,-1,2,0,4,2,12,6,,,
944,-60.27765,1e-04,-120.690575,-111.413475,False,True,Action.TAUNT_RIGHT,Action.DEAD_DOWN,56,-1,2,0,4,2,12,6,,,
945,-60.27765,1e-04,12.8,135.06665,False,False,Action.TAUNT_RIGHT,Action.ON_HALO_DESCENT,57,1,2,1,4,2,12,0,,,
946,-60.27765,1e-04,12.8,134.13332,False,False,Action.TAUNT_RIGHT,Action.ON_HALO_DESCENT,58,2,2,1,4,2,12,0,,,
947,-60.27765,1e-04,12.8,133.19998,False,False,Action.TAUNT_RIGHT,Action.ON_HALO_DESCENT,59,3,2,1,4,2,12,0,,,
948,-60.27765,1e-04,12.8,132.26665,False,False,Action.TAUNT_RIGHT,Action.ON_HALO_DESCENT,60,4,2,1,4,2,12,0,,,
949,-60.27765,1e-04,12.8,131.33331,False,False,Action.TAUNT_RIGHT,Action.ON_HALO_DESCENT,61,5,2,1,4,2,12,0,,,
950,-60.27765,1e-04,12.8,130.39998,False,False,Action.TAUNT_RIGHT,Action.ON_HALO_DESCENT,62,6,2,1,4,2,12,0,,,
951,-60.27765,1e-04,12.8,129.46664,False,False,Action.TAUNT_RIGHT,Action.ON_HALO_DESCENT,63,7,2,1,4,2,12,0,,,
952,-60.27765,1e-04,12.8,128.53331,False,False,Action.TAUNT_RIGHT,Action.ON_HALO_DESCENT,64,8,2,1,4,2,12,0,,,
953,-60.27765,1e-04,12.8,127.599976,False,False,Action.TAUNT_RIGHT,Action.ON_HALO_DESCENT,65,9,2,1,4,2,12,0,,,
954,-60.27765,1e-04,12.8,126.66664,False,False,Action.TAUNT_RIGHT,Action.ON_HALO_DESCENT,66,10,2,1,4,2,12,0,,,
955,-60.27765,1e-04,12.8,125.73331,False,False,Action.TAUNT_RIGHT,Action.ON_HALO_DESCENT,67,11,2,1,4,2,12,0,,,
956,-60.27765,1e-04,12.8,124.79997,False,False,Action.TAUNT_RIGHT,Action.ON_HALO_DESCENT,68,12,2,1,4,2,12,0,,,
957,-60.27765,1e-04,12.8,123.86664,False,False,Action.TAUNT_RIGHT,Action.ON_HALO_DESCENT,69,13,2,1,4,2,12,0,,,
958,-60.27765,1e-04,12.8,122.933304,False,False,Action.TAUNT_RIGHT,Action.ON_HALO_DESCENT,70,14,2,1,4,2,12,0,,,
959,-60.27765,1e-04,12.8,121.99997,False,False,Action.TAUNT_RIGHT,Action.ON_HALO_DESCENT,71,15,2,1,4,2,12,0,,,
960,-60.27765,1e-04,12.8,121.066635,False,False,Action.TAUNT_RIGHT,Action.ON_HALO_DESCENT,72,16,2,1,4,2,12,0,,,
961,-60.27765,1e-04,12.8,120.1333,False,False,Action.TAUNT_RIGHT,Action.ON_HALO_DESCENT,73,17,2,1,4,2,12,0,,,
962,-60.27765,1e-04,12.8,119.19997,False,False,Action.TAUNT_RIGHT,Action.ON_HALO_DESCENT,74,18,2,1,4,2,12,0,,,
963,-60.27765,1e-04,12.8,118.26663,False,False,Action.TAUNT_RIGHT,Action.ON_HALO_DESCENT,75,19,2,1,4,2,12,0,,,
964,-60.27765,1e-04,12.8,117.3333,False,False,Action.TAUNT_RIGHT,Action.ON_HALO_DESCENT,76,20,2,1,4,2,12,0,,,
965,-60.27765,1e-04,12.8,116.39996,False,False,Action.TAUNT_RIGHT,Action.ON_HALO_DESCENT,77,21,2,1,4,2,12,0,,,
966,-60.27765,1e-04,12.8,115.46663,False,False,Action.TAUNT_RIGHT,Action.ON_HALO_DESCENT,78,22,2,1,4,2,12,0,,,
967,-60.27765,1e-04,12.8,114.533295,False,False,Action.TAUNT_RIGHT,Action.ON_HALO_DESCENT,79,23,2,1,4,2,12,0,,,
968,-60.27765,1e-04,12.8,113.59996,False,False,Action.TAUNT_RIGHT,Action.ON_HALO_DESCENT,80,24,2,1,4,2,12,0,,,
969,-60.27765,1e-04,12.8,112.666626,False,False,Action.TAUNT_RIGHT,Action.ON_HALO_DESCENT,81,25,2,1,4,2,12,0,,,
970,-60.27765,1e-04,12.8,111.73329,False,False,Action.TAUNT_RIGHT,Action.ON_HALO_DESCENT,82,26,2,1,4,2,12,0,,,
971,-60.27765,1e-04,12.8,110.79996,False,False,Action.TAUNT_RIGHT,Action.ON_HALO_DESCENT,83,27,2,1,4,2,12,0,,,
972,-60.27765,1e-04,12.8,109.86662,False,False,Action.TAUNT_RIGHT,Action.ON_HALO_DESCENT,84,28,2,1,4,2,12,0,,,
973,-60.27765,1e-04,12.8,108.93329,False,False,Action.TAUNT_RIGHT,Action.ON_HALO_DESCENT,85,29,2,1,4,2,12,0,,,
974,-60.27765,1e-04,12.8,107.999954,False,False,Action.TAUNT_RIGHT,Action.ON_HALO_DESCENT,86,30,2,1,4,2,12,0,,,
975,-60.27765,1e-04,12.8,107.06662,False,False,Action.TAUNT_RIGHT,Action.ON_HALO_DESCENT,87,31,2,1,4,2,12,0,,,
976,-60.27765,1e-04,12.8,106.133286,False,False,Action.TAUNT_RIGHT,Action.ON_HALO_DESCENT,88,32,2,1,4,2,12,0,,,
977,-60.27765,1e-04,12.8,105.19995,False,False,Action.TAUNT_RIGHT,Action.ON_HALO_DESCENT,89,33,2,1,4,2,12,0,,,
978,-60.27765,1e-04,12.8,104.26662,False,False,Action.TAUNT_RIGHT,Action.ON_HALO_DESCENT,90,34,2,1,4,2,12,0,,,
979,-60.27765,1e-04,12.8,103.33328,False,False,Action.TAUNT_RIGHT,Action.ON_HALO_DESCENT,91,35,2,1,4,2,12,0,,,
980,-60.27765,1e-04,12.8,102.39995,False,False,Action.TAUNT_RIGHT,Action.ON_HALO_DESCENT,92,36,2,1,4,2,12,0,,,
981,-60.27765,1e-04,12.8,101.46661,False,False,Action.TAUNT_RIGHT,Action.ON_HALO_DESCENT,93,37,2,1,4,2,12,0,,,
982,-60.27765,1e-04,12.8,100.53328,False,False,Action.TAUNT_RIGHT,Action.ON_HALO_DESCENT,94,38,2,1,4,2,12,0,,,
983,-60.27765,1e-04,12.8,99.599945,False,False,Action.TAUNT_RIGHT,Action.ON_HALO_DESCENT,95,39,2,1,4,2,12,0,,,
984,-60.27765,1e-04,12.8,98.66661,False,False,Action.TAUNT_RIGHT,Action.ON_HALO_DESCENT,96,40,2,1,4,2,12,0,,,
985,-60.27765,1e-04,12.8,97.73328,False,False,Action.TAUNT_RIGHT,Action.ON_HALO_DESCENT,97,41,2,1,4,2,12,0,,,
986,-60.27765,1e-04,12.8,96.79995,False,False,Action.TAUNT_RIGHT,Action.ON_HALO_DESCENT,98,42,2,1,4,2,12,0,,,
987,-60.27765,1e-04,12.8,95.86662,False,False,Action.TAUNT_RIGHT,Action.ON_HALO_DESCENT,99,43,2,1,4,2,12,0,,,
988,-60.27765,1e-04,12.8,94.93329,False,False,Action.TAUNT_RIGHT,Action.ON_HALO_DESCENT,100,44,2,1,4,2,12,0,,,
989,-60.27765,1e-04,12.8,93.999954,False,False,Action.TAUNT_RIGHT,Action.ON_HALO_DESCENT,101,45,2,1,4,2,12,0,,,
990,-60.27765,1e-04,12.8,93.06663,False,False,Action.TAUNT_RIGHT,Action.ON_HALO_DESCENT,102,46,2,1,4,2,12,0,,,
991,-60.27765,1e-04,12.8,92.13329,False,False,Action.TAUNT_RIGHT,Action.ON_HALO_DESCENT,103,47,2,1,4,2,12,0,,,
992,-60.27765,1e-04,12.8,91.19997,False,False,Action.TAUNT_RIGHT,Action.ON_HALO_DESCENT,104,48,2,1,4,2,12,0,,,
993,-60.27765,1e-04,12.8,90.26663,False,False,Action.TAUNT_RIGHT,Action.ON_HALO_DESCENT,105,49,2,1,4,2,12,0,,,
994,-60.27765,1e-04,12.8,89.333305,False,False,Action.TAUNT_RIGHT,Action.ON_HALO_DESCENT,106,50,2,1,4,2,12,0,,,
995,-60.27765,1e-04,12.8,88.39998,False,False,Action.TAUNT_RIGHT,Action.ON_HALO_DESCENT,107,51,2,1,4,2,12,0,,,
996,-60.27765,1e-04,12.8,87.466644,False,False,Action.TAUNT_RIGHT,Action.ON_HALO_DESCENT,108,52,2,1,4,2,12,0,,,
997,-60.27765,1e-04,12.8,86.53331,False,False,Action.TAUNT_RIGHT,Action.ON_HALO_DESCENT,109,53,2,1,4,2,12,0,,,
998,-60.27765,1e-04,12.8,85.59998,False,False,Action.TAUNT_RIGHT,Action.ON_HALO_DESCENT,110,54,2,1,4,2,12,0,,,
999,-60.27765,1e-04,12.8,84.66666,False,False,Action.TAUNT_RIGHT,Action.ON_HALO_DESCENT,111,55,2,1,4,2,12,0,,,
1000,-60.27765,1e-04,12.8,83.73332,False,False,Action.TAUNT_RIGHT,Action.ON_HALO_DESCENT,112,56,2,1,4,2,12,0,,,
1001,-60.27765,1e-04,12.8,82.79999,False,False,Action.TAUNT_RIGHT,Action.ON_HALO_DESCENT,113,57,2,1,4,2,12,0,,,
1002,-60.27765,1e-04,12.8,81.86666,False,False,Action.TAUNT_RIGHT,Action.ON_HALO_DESCENT,114,58,2,1,4,2,12,0,,,
1003,-60.27765,1e-04,12.8,80.933334,False,False,Action.TAUNT_RIGHT,Action.ON_HALO_DESCENT,115,59,2,1,4,2,12,0,,,
1004,-60.27765,1e-04,12.8,80.0,False,False,Action.STANDING,Action.ON_HALO_DESCENT,1,60,2,1,4,2,12,0,,,
1005,-60.27765,1e-04,12.74775,79.76999,False,False,Action.STANDING,Action.DAIR,2,1,2,1,4,2,12,0,,,
1006,-60.27765,1e-04,12.6335,76.36999,False,False,Action.STANDING,Action.DAIR,3,2,2,1,4,2,12,0,,,
1007,-60.27765,1e-04,12.44075,72.969986,False,False,Action.STANDING,Action.DAIR,4,3,2,1,4,2,12,0,,,
1008,-60.27765,1e-04,12.30775,69.569984,False,False,Action.TURNING,Action.DAIR,1,4,2,1,4,2,12,0,,,
1009,-60.27765,1e-04,12.115749,66.16998,False,False,Action.TURNING,Action.DAIR,2,5,2,1,4,2,12,0,,,
1010,-60.27765,1e-04,11.86175,62.76998,False,False,Action.TURNING,Action.DAIR,3,6,2,1,4,2,12,0,,,
1011,-60.27765,1e-04,11.6735,59.36998,False,False,Action.TURNING,Action.DAIR,4,7,2,1,4,2,12,0,,,
1012,-60.27765,1e-04,11.405251,55.96998,False,False,Action.TURNING,Action.DAIR,5,8,2,1,4,2,12,0,,,
1013,-60.27765,1e-04,11.156251,52.569977,True,False,Action.TURNING,Action.DAIR,6,9,2,1,4,2,12,0,,,
1014,-60.27765,1e-04,10.845251,54.4001,True,False,Action.TURNING,Action.DAIR_LANDING,7,1,2,2,4,2,12,0,,,
1015,-60.27765,1e-04,10.614251,54.4001,True,False,Action.TURNING,Action.DAIR_LANDING,8,4,2,2,4,2,12,0,,,
1016,-60.27765,1e-04,10.463251,54.4001,True,False,Action.TURNING,Action.DAIR_LANDING,9,7,2,2,4,2,12,0,,,
1017,-60.27765,1e-04,10.392251,54.4001,True,False,Action.TURNING,Action.DAIR_LANDING,10,11,2,2,4,2,12,0,,,
1018,-60.27765,1e-04,10.392251,54.4001,True,False,Action.TURNING,Action.DAIR_LANDING,11,14,2,2,4,2,12,0,,,
1019,-60.27765,1e-04,10.392251,54.4001,True,False,Action.STANDING,Action.DAIR_LANDING,1,17,2,2,4,2,12,0,,,
1020,-60.27765,1e-04,10.392251,54.4001,True,False,Action.STANDING,Action.DAIR_LANDING,2,21,2,2,4,2,12,0,,,
1021,-60.27765,1e-04,10.392251,54.4001,True,False,Action.KNEE_BEND,Action.DAIR_LANDING,1,24,2,2,4,2,12,0,,,
1022,-60.27765,1e-04,10.392251,54.4001,True,False,Action.KNEE_BEND,Action.DAIR_LANDING,2,27,2,2,4,2,12,0,,,
1023,-60.27765,1e-04,10.3921995,54.4001,True,False,Action.KNEE_BEND,Action.FSMASH_MID,3,1,2,2,4,2,12,0,,,
1024,-60.27765,1e-04,10.392075,54.4001,True,False,Action.KNEE_BEND,Action.FSMASH_MID,4,2,2,2,4,2,12,0,,,
1025,-60.27765,1e-04,10.391921,54.4001,True,False,Action.KNEE_BEND,Action.FSMASH_MID,5,3,2,2,4,2,12,0,,,
1026,-59.82568,4.1001,10.391782,54.4001,True,False,Action.JUMPING_FORWARD,Action.FSMASH_MID,1,4,1,2,4,2,12,0,,,
1027,-59.321426,8.0301,10.391702,54.4001,True,False,Action.JUMPING_FORWARD,Action.FSMASH_MID,2,5,1,2,4,2,12,0,,,
1028,-58.785522,11.7901,10.391724,54.4001,True,False,Action.JUMPING_FORWARD,Action.FSMASH_MID,3,6,1,2,4,2,12,0,,,
1029,-58.24962,15.3801,10.391892,54.4001,True,False,Action.JUMPING_FORWARD,Action.FSMASH_MID,4,7,1,2,4,2,12,0,,,
1030,-57.713715,18.8001,10.392251,54.4001,True,False,Action.JUMPING_FORWARD,Action.FSMASH_MID,5,8,1,2,4,2,12,0,,,
1031,-57.17781,22.0501,9.049673,54.4001,True,False,Action.JUMPING_FORWARD,Action.FSMASH_MID,6,9,1,2,4,2,12,0,,,
1032,-56.641907,25.1301,7.707095,54.4001,True,False,Action.JUMPING_FORWARD,Action.FSMASH_MID,7,10,1,2,4,2,12,0,,,
1033,-56.04112,28.0401,6.364517,54.4001,True,False,Action.JUMPING_FORWARD,Action.FSMASH_MID,8,11,1,2,4,2,12,0,,,
1034,-55.37033,30.7801,5.021939,54.4001,True,False,Action.JUMPING_FORWARD,Action.FSMASH_MID,9,12,1,2,4,2,12,0,,,
1035,-54.629543,33.350098,3.6793609,54.4001,True,False,Action.JUMPING_FORWARD,Action.FSMASH_MID,10,13,1,2,4,2,12,0,,,
1036,-53.818756,35.750095,2.336783,54.4001,True,False,Action.JUMPING_FORWARD,Action.FSMASH_MID,11,14,1,2,4,2,12,0,,,
1037,-53.02797,37.980095,1.3402497,54.4001,True,False,Action.JUMPING_FORWARD,Action.FSMASH_MID,12,15,1,2,4,2,12,0,,,
1038,-52.257183,40.040092,0.34371632,54.4001,True,False,Action.JUMPING_FORWARD,Action.FSMASH_MID,13,16,1,2,4,2,12,0,,,
1039,-51.506397,41.93009,-0.65281606,54.4001,True,False,Action.JUMPING_FORWARD,Action.FSMASH_MID,14,17,1,2,4,2,12,0,,,
1040,-50.775608,43.65009,-1.6493495,54.4001,True,False,Action.JUMPING_FORWARD,Action.FSMASH_MID,15,18,1,2,4,2,12,0,,,
1041,-50.06482,45.20009,-2.6458828,54.4001,True,False,Action.JUMPING_FORWARD,Action.FSMASH_MID,16,19,1,2,4,2,12,0,,,
1042,-49.284424,46.580086,-3.6424162,54.4001,True,False,Action.JUMPING_FORWARD,Action.FSMASH_MID,17,20,1,2,4,2,12,0,,,
1043,-48.454422,47.790085,-4.6389484,54.4001,True,False,Action.JUMPING_FORWARD,Action.FSMASH_MID,18,21,1,2,4,2,12,0,,,
1044,-47.62442,48.830086,-5.635483,54.4001,True,False,Action.JUMPING_FORWARD,Action.FSMASH_MID,19,22,1,2,4,2,12,0,,,
1045,-46.79442,49.700085,-6.632015,54.4001,True,False,Action.JUMPING_FORWARD,Action.FSMASH_MID,20,23,1,2,4,2,12,0,,,
1046,-45.964417,50.400085,-7.6285477,54.4001,True,False,Action.JUMPING_FORWARD,Action.FSMASH_MID,21,24,1,2,4,2,12,0,,,
1047,-45.134415,50.930084,-8.625082,54.4001,True,False,Action.JUMPING_FORWARD,Action.FSMASH_MID,22,25,1,2,4,2,12,0,,,
1048,-44.304413,51.290085,-9.621614,54.4001,True,False,Action.JUMPING_FORWARD,Action.FSMASH_MID,23,26,1,2,4,2,12,0,,,
1049,-43.47441,51.480083,-10.618149,54.4001,True,False,Action.JUMPING_FORWARD,Action.FSMASH_MID,24,27,1,2,4,2,12,0,,,
1050,-42.64441,51.500084,-11.614681,54.4001,True,False,Action.JUMPING_FORWARD,Action.FSMASH_MID,25,28,1,2,4,2,12,0,,,
1051,-41.814407,51.350082,-12.611214,54.4001,True,False,Action.JUMPING_FORWARD,Action.FSMASH_MID,26,29,1,2,4,2,12,0,,,
1052,-40.984406,51.030083,-13.607748,54.4001,True,False,Action.JUMPING_FORWARD,Action.FSMASH_MID,27,30,1,2,4,2,12,0,,,
1053,-40.154404,50.54008,-13.607748,54.4001,True,False,Action.JUMPING_FORWARD,Action.FSMASH_MID,28,31,1,2,4,2,12,0,,,
1054,-39.3244,49.88008,-13.607748,54.4001,True,False,Action.JUMPING_FORWARD,Action.FSMASH_MID,29,32,1,2,4,2,12,0,,,
1055,-38.4944,49.05008,-13.607748,54.4001,True,False,Action.JUMPING_FORWARD,Action.FSMASH_MID,30,33,1,2,4,2,12,0,,,
1056,-37.596603,52.734077,-13.607748,54.4001,True,False,Action.JUMPING_ARIAL_FORWARD,Action.FSMASH_MID,1,34,0,2,4,2,12,0,,,
1057,-36.718807,56.248077,-13.607748,54.4001,True,False,Action.JUMPING_ARIAL_FORWARD,Action.FSMASH_MID,2,35,0,2,4,2,12,0,,,
1058,-35.86101,59.592075,-13.607748,54.4001,True,False,Action.JUMPING_ARIAL_FORWARD,Action.FSMASH_MID,3,36,0,2,4,2,12,0,,,
1059,-35.023216,62.766075,-13.607748,54.4001,True,False,Action.JUMPING_ARIAL_FORWARD,Action.FSMASH_MID,4,37,0,2,4,2,12,0,,,
1060,-34.20542,65.77007,-13.607748,54.4001,True,False,Action.JUMPING_ARIAL_FORWARD,Action.FSMASH_MID,5,38,0,2,4,2,12,0,,,
1061,-33.407627,68.60407,-13.607748,54.4001,True,False,Action.JUMPING_ARIAL_FORWARD,Action.FSMASH_MID,6,39,0,2,4,2,12,0,,,
1062,-32.629833,71.268074,-13.607748,54.4001,True,False,Action.JUMPING_ARIAL_FORWARD,Action.NEUTRAL_B_ATTACKING_AIR,7,1,0,2,4,2,12,0,,,
1063,-31.872038,73.76207,-13.607748,54.4001,True,False,Action.JUMPING_ARIAL_FORWARD,Action.NEUTRAL_B_ATTACKING_AIR,8,2,0,2,4,2,12,0,,,
1064,-31.134243,76.08607,-13.607748,54.4001,True,False,Action.JUMPING_ARIAL_FORWARD,Action.NEUTRAL_B_ATTACKING_AIR,9,3,0,2,4,2,12,0,,,
1065,-30.416447,78.24007,-13.607748,54.4001,True,False,Action.JUMPING_ARIAL_FORWARD,Action.NEUTRAL_B_ATTACKING_AIR,10,4,0,2,4,2,12,0,,,
1066,-29.71865,80.22407,-13.607748,54.4001,True,False,Action.JUMPING_ARIAL_FORWARD,Action.NEUTRAL_B_ATTACKING_AIR,11,5,0,2,4,2,12,0,,,
1067,-29.040855,82.03807,-13.607748,54.4001,True,False,Action.JUMPING_ARIAL_FORWARD,Action.NEUTRAL_B_ATTACKING_AIR,12,6,0,2,4,2,12,0,,,
1068,-28.38306,83.68207,-13.607748,54.4001,True,False,Action.JUMPING_ARIAL_FORWARD,Action.NEUTRAL_B_ATTACKING_AIR,13,7,0,2,4,2,12,0,,,
1069,-27.745264,85.15607,-13.607748,54.4001,True,False,Action.JUMPING_ARIAL_FORWARD,Action.NEUTRAL_B_ATTACKING_AIR,14,8,0,2,4,2,12,0,,,
1070,-27.127468,86.46007,-13.607748,54.4001,True,False,Action.JUMPING_ARIAL_FORWARD,Action.NEUTRAL_B_ATTACKING_AIR,15,9,0,2,4,2,12,0,,,
1071,-26.529673,87.59407,-13.607748,54.4001,True,False,Action.JUMPING_ARIAL_FORWARD,Action.NEUTRAL_B_ATTACKING_AIR,16,10,0,2,4,2,12,0,,,
1072,-25.951878,88.55807,-13.607748,54.4001,True,False,Action.JUMPING_ARIAL_FORWARD,Action.NEUTRAL_B_ATTACKING_AIR,17,11,0,2,4,2,12,0,,,
1073,-25.394081,89.352066,-13.607748,54.4001,True,False,Action.JUMPING_ARIAL_FORWARD,Action.NEUTRAL_B_ATTACKING_AIR,18,12,0,2,4,2,12,0,,,
1074,-24.856285,89.97607,-13.607748,54.4001,True,False,Action.JUMPING_ARIAL_FORWARD,Action.NEUTRAL_B_ATTACKING_AIR,19,13,0,2,4,2,12,0,,,
1075,-24.33849,90.43007,-13.607748,54.4001,True,False,Action.JUMPING_ARIAL_FORWARD,Action.NEUTRAL_B_ATTACKING_AIR,20,14,0,2,4,2,12,0,,,
1076,-23.840694,90.714066,-13.607748,54.4001,True,False,Action.JUMPING_ARIAL_FORWARD,Action.NEUTRAL_B_ATTACKING_AIR,21,15,0,2,4,2,12,0,,,
1077,-23.362898,90.828064,-13.607748,54.4001,True,False,Action.JUMPING_ARIAL_FORWARD,Action.NEUTRAL_B_ATTACKING_AIR,22,16,0,2,4,2,12,0,,,
1078,-22.905102,90.772064,-13.607748,54.4001,True,False,Action.JUMPING_ARIAL_FORWARD,Action.NEUTRAL_B_ATTACKING_AIR,23,17,0,2,4,2,12,0,,,
1079,-22.467306,90.54607,-13.607748,54.4001,True,False,Action.JUMPING_ARIAL_FORWARD,Action.NEUTRAL_B_ATTACKING_AIR,24,18,0,2,4,2,12,0,,,
1080,-22.049511,90.15006,-13.607748,54.4001,True,False,Action.JUMPING_ARIAL_FORWARD,Action.NEUTRAL_B_ATTACKING_AIR,25,19,0,2,4,2,12,0,,,
1081,-21.651716,89.58406,-13.607748,54.4001,True,False,Action.JUMPING_ARIAL_FORWARD,Action.NEUTRAL_B_FULL_CHARGE_AIR,26,1,0,2,4,2,12,0,,,
1082,-21.27392,88.84806,-15.707748,54.4001,True,False,Action.JUMPING_ARIAL_FORWARD,Action.SWORD_DANCE_1,27,1,0,2,4,2,12,0,,,
1083,-20.916124,87.94206,-17.707748,54.4001,True,False,Action.JUMPING_ARIAL_FORWARD,Action.SWORD_DANCE_1,28,2,0,2,4,2,12,0,,,
1084,-20.57833,86.86606,-18.800001,54.4,True,False,Action.JUMPING_ARIAL_FORWARD,Action.SWORD_DANCE_1,29,3,0,2,4,2,12,0,,,
1085,-20.260534,85.620056,-18.800001,54.4,True,False,Action.JUMPING_ARIAL_FORWARD,Action.SWORD_DANCE_1,30,4,0,2,4,2,12,0,,,
1086,-19.962738,84.204056,-18.800001,54.4,True,False,Action.JUMPING_ARIAL_FORWARD,Action.SWORD_DANCE_1,31,5,0,2,4,2,12,0,,,
1087,-19.684942,82.61806,-18.800001,54.4,True,False,Action.JUMPING_ARIAL_FORWARD,Action.SWORD_DANCE_1,32,6,0,2,4,2,12,0,,,
1088,-19.427147,80.86205,-18.800001,54.4,True,False,Action.JUMPING_ARIAL_FORWARD,Action.SWORD_DANCE_1,33,7,0,2,4,2,12,0,,,
1089,-19.189352,78.93605,-18.800001,54.4,True,False,Action.JUMPING_ARIAL_FORWARD,Action.SWORD_DANCE_1,34,8,0,2,4,2,12,0,,,
1090,-18.971556,76.84005,-18.800001,54.4,True,False,Action.JUMPING_ARIAL_FORWARD,Action.SWORD_DANCE_1,35,9,0,2,4,2,12,0,,,
1091,-18.77376,74.57405,-18.800001,54.4,True,False,Action.JUMPING_ARIAL_FORWARD,Action.SWORD_DANCE_1,36,10,0,2,4,2,12,0,,,
1092,-18.645575,72.13805,-18.800001,54.4,True,False,Action.JUMPING_ARIAL_FORWARD,Action.SWORD_DANCE_1,37,11,0,2,4,2,12,0,,,
1093,-18.537388,69.53204,-18.800001,54.4,True,False,Action.JUMPING_ARIAL_FORWARD,Action.SWORD_DANCE_1,38,12,0,2,4,2,12,0,,,
1094,-18.449202,66.75604,-18.800001,54.4,True,False,Action.JUMPING_ARIAL_FORWARD,Action.SWORD_DANCE_1,39,13,0,2,4,2,12,0,,,
1095,-18.381016,63.810043,-18.800001,54.4,True,False,Action.JUMPING_ARIAL_FORWARD,Action.SWORD_DANCE_1,40,14,0,2,4,2,12,0,,,
1096,-18.33283,60.710045,-18.800001,54.4,True,False,Action.JUMPING_ARIAL_FORWARD,Action.SWORD_DANCE_1,41,15,0,2,4,2,12,0,,,
1097,-18.304644,57.610046,-18.800001,54.4,True,False,Action.JUMPING_ARIAL_FORWARD,Action.SWORD_DANCE_1,42,16,0,2,4,2,12,0,,,
1098,-18.296457,54.510048,-18.800001,54.4,True,False,Action.JUMPING_ARIAL_FORWARD,Action.SWORD_DANCE_1,43,17,0,2,4,2,12,0,,,
1099,-18.296457,51.41005,-18.800001,54.4,True,False,Action.JUMPING_ARIAL_FORWARD,Action.SWORD_DANCE_1,44,18,0,2,4,2,12,0,,,
1100,-18.296457,54.4001,-18.800001,54.4,True,False,Action.LANDING,Action.SWORD_DANCE_1,1,19,2,2,4,2,12,0,,,
1101,-17.996458,54.4001,-18.800001,54.4,True,False,Action.LANDING,Action.SWORD_DANCE_1,2,20,2,2,4,2,12,0,,,
1102,-17.696459,54.4001,-18.800001,54.4,True,False,Action.LANDING,Action.SWORD_DANCE_1,3,21,2,2,4,2,12,0,,,
1103,-17.39646,54.4001,-18.800001,54.4,True,False,Action.LANDING,Action.SWORD_DANCE_1,4,22,2,2,4,2,12,0,,,
1104,-17.09646,54.4001,-18.800001,54.4,True,False,Action.LANDING,Action.SWORD_DANCE_1,5,23,2,2,4,2,12,0,,,
1105,-16.796461,54.4001,-18.800001,54.4,True,False,Action.LANDING,Action.SWORD_DANCE_1,6,24,2,2,4,2,12,0,,,
1106,-16.496462,54.4001,-18.800001,54.4,True,False,Action.TURNING,Action.SWORD_DANCE_1,1,25,2,2,4,2,12,0,,,
1107,-16.196463,54.4001,-18.800001,54.4,True,False,Action.TURNING,Action.SWORD_DANCE_1,2,26,2,2,4,2,12,0,,,
1108,-15.896462,54.4001,-18.800001,54.4,True,False,Action.TURNING,Action.SWORD_DANCE_1,3,27,2,2,4,2,12,0,,,
1109,-15.596462,54.4001,-18.800001,54.4,True,False,Action.TURNING,Action.SWORD_DANCE_1,4,28,2,2,4,2,12,0,,,
1110,-15.296462,54.4001,-18.800001,54.4,True,False,Action.TURNING,Action.SWORD_DANCE_1,5,29,2,2,4,2,12,0,,,
1111,-14.996462,54.4001,-18.800001,54.4,False,False,Action.TURNING,Action.SWORD_DANCE_1,6,30,2,2,4,2,12,0,,,
1112,-14.696462,54.4001,-18.800001,54.4,False,False,Action.TURNING,Action.SWORD_DANCE_1,7,31,2,2,4,2,12,0,,,
1113,-14.3964615,54.4001,-18.800001,54.4,False,False,Action.TURNING,Action.SWORD_DANCE_1,8,32,2,2,4,2,12,0,,,
1114,-14.096461,54.4001,-18.800001,54.4,False,False,Action.TURNING,Action.SWORD_DANCE_1,9,33,2,2,4,2,12,0,,,
1115,-13.796461,54.4001,-18.800001,54.4,False,False,Action.TURNING,Action.SWORD_DANCE_1,10,34,2,2,4,2,12,0,,,
1116,-13.496461,54.4001,-18.800001,54.4,False,False,Action.TURNING,Action.SWORD_DANCE_1,11,35,2,2,4,2,12,0,,,
1117,-13.196461,54.4001,-18.800001,54.4,False,False,Action.STANDING,Action.SWORD_DANCE_1,1,36,2,2,4,2,12,0,,,
1118,-12.896461,54.4001,-18.800001,54.4,False,False,Action.STANDING,Action.SWORD_DANCE_1,2,37,2,2,4,2,12,0,,,
1119,-12.59646,54.4001,-18.800001,54.4,False,False,Action.STANDING,Action.SWORD_DANCE_1,3,38,2,2,4,2,12,0,,,
1120,-12.29646,54.4001,-18.800001,54.4,False,False,Action.STANDING,Action.SWORD_DANCE_1,4,39,2,2,4,2,12,0,,,
1121,-11.99646,54.4001,-18.800001,54.4,False,False,Action.STANDING,Action.SWORD_DANCE_1,5,40,2,2,4,2,12,0,,,
1122,-11.99646,54.4001,-18.800001,54.4001,False,False,Action.STANDING,Action.SPOTDODGE,6,1,2,2,4,2,12,0,,,
1123,-11.99646,54.4001,-18.800001,54.4001,False,False,Action.STANDING,Action.SPOTDODGE,7,2,2,2,4,2,12,0,,,
1124,-11.99646,54.4001,-18.800001,54.4001,False,False,Action.STANDING,Action.SPOTDODGE,8,3,2,2,4,2,12,0,,,
1125,-11.99646,54.4001,-18.800001,54.4001,False,False,Action.STANDING,Action.SPOTDODGE,9,4,2,2,4,2,12,0,,,
1126,-11.99646,54.4001,-18.800001,54.4001,False,False,Action.STANDING,Action.SPOTDODGE,10,5,2,2,4,2,12,0,,,
1127,-11.99646,54.4001,-18.800001,54.4001,False,False,Action.STANDING,Action.SPOTDODGE,11,6,2,2,4,2,12,0,,,
1128,-11.99646,54.4001,-18.800001,54.4001,False,False,Action.STANDING,Action.SPOTDODGE,12,7,2,2,4,2,12,0,,,
1129,-11.99646,54.4001,-18.800001,54.4001,False,False,Action.SHIELD_REFLECT,Action.SPOTDODGE,-1,8,2,2,4,2,12,0,,,
1130,-11.99646,54.4001,-18.800001,54.4001,False,False,Action.ROLL_FORWARD,Action.SPOTDODGE,1,9,2,2,4,2,12,0,,,
1131,-11.99646,54.4001,-18.800001,54.4001,False,False,Action.ROLL_FORWARD,Action.SPOTDODGE,2,10,2,2,4,2,12,0,,,
1132,-11.99646,54.4001,-18.800001,54.4001,False,False,Action.ROLL_FORWARD,Action.SPOTDODGE,3,11,2,2,4,2,12,0,,,
1133,-11.99646,54.4001,-18.800001,54.4001,False,False,Action.ROLL_FORWARD,Action.SPOTDODGE,4,12,2,2,4,2,12,0,,,
1134,-11.99646,54.4001,-18.800001,54.4001,False,False,Action.ROLL_FORWARD,Action.SPOTDODGE,5,13,2,2,4,2,12,0,,,
1135,-11.99646,54.4001,-18.800001,54.4001,False,False,Action.ROLL_FORWARD,Action.SPOTDODGE,6,14,2,2,4,2,12,0,,,
1136,-14.74646,54.4001,-18.800001,54.4001,False,False,Action.ROLL_FORWARD,Action.SPOTDODGE,7,15,2,2,4,2,12,0,,,
1137,-18.800001,54.4,-18.800001,54.4001,False,False,Action.ROLL_FORWARD,Action.SPOTDODGE,8,16,2,2,4,2,12,0,,,
1138,-18.800001,54.4,-18.800001,54.4001,False,False,Action.ROLL_FORWARD,Action.SPOTDODGE,9,17,2,2,4,2,12,0,,,
1139,-18.800001,54.4,-18.800001,54.4001,False,False,Action.ROLL_FORWARD,Action.SPOTDODGE,10,18,2,2,4,2,12,0,,,
1140,-18.800001,54.4,-18.800001,54.4001,False,False,Action.ROLL_FORWARD,Action.SPOTDODGE,11,19,2,2,4,2,12,0,,,
1141,-18.800001,54.4,-18.800001,54.4001,False,False,Action.ROLL_FORWARD,Action.SPOTDODGE,12,20,2,2,4,2,12,0,,,
1142,-18.800001,54.4,-18.800001,54.4001,False,False,Action.ROLL_FORWARD,Action.SPOTDODGE,13,21,2,2,4,2,12,0,,,
1143,-18.800001,54.4,-18.800001,54.4001,False,False,Action.ROLL_FORWARD,Action.SPOTDODGE,14,22,2,2,4,2,12,0,,,
1144,-18.800001,54.4,-18.800001,54.4,False,False,Action.ROLL_FORWARD,Action.GRAB,15,1,2,2,4,2,12,0,,,
1145,-18.800001,54.4,-18.800001,54.4,False,False,Action.ROLL_FORWARD,Action.GRAB,16,2,2,2,4,2,12,0,,,
1146,-18.800001,54.4,-18.800001,54.4,False,False,Action.ROLL_FORWARD,Action.GRAB,17,3,2,2,4,2,12,0,,,
1147,-18.800001,54.4,-18.800001,54.4,False,False,Action.ROLL_FORWARD,Action.GRAB,18,4,2,2,4,2,12,0,,,
1148,-18.800001,54.4,-18.800001,54.4,False,False,Action.ROLL_FORWARD,Action.GRAB,19,5,2,2,4,2,12,0,,,
1149,-18.800001,54.4,-18.800001,54.4,True,False,Action.ROLL_FORWARD,Action.GRAB,20,6,2,2,4,2,12,0,,,
1150,-18.800001,54.4001,-18.800001,54.4,True,False,Action.GRAB_PULL,Action.GRAB_PULLING,1,6,2,2,4,2,12,0,,,
1151,-24.536171,49.082054,-18.800001,54.4001,True,False,Action.GRAB_PULLING_HIGH,Action.GRAB_PULLING,2,7,1,2,4,2,12,0,,,
1152,-26.930925,52.83747,-18.800001,54.4001,False,False,Action.THROWN_BACK,Action.THROW_BACK,1,1,1,2,4,2,12,0,,,
1153,-26.009836,52.650772,-18.800001,54.4001,False,False,Action.THROWN_BACK,Action.THROW_BACK,2,2,1,2,4,2,12,0,,,
1154,-23.241413,51.898216,-18.800001,54.4001,False,False,Action.THROWN_BACK,Action.THROW_BACK,3,3,1,2,4,2,12,0,,,
1155,-20.017908,50.76532,-18.800001,54.4001,False,False,Action.THROWN_BACK,Action.THROW_BACK,5,5,1,2,4,2,12,0,,,
1156,-17.258646,50.011314,-18.800001,54.4001,False,False,Action.THROWN_BACK,Action.THROW_BACK,6,6,1,2,4,2,12,0,,,
1157,-13.567863,54.03383,-18.800001,54.4001,False,False,Action.THROWN_BACK,Action.THROW_BACK,7,7,1,2,4,2,12,0,,,
1158,-11.624559,57.53309,-18.800001,54.4001,False,False,Action.THROWN_BACK,Action.THROW_BACK,8,8,1,2,4,2,12,0,,,
1159,-10.577644,59.66889,-18.800001,54.4001,False,True,Action.DAMAGE_FLY_NEUTRAL,Action.THROW_BACK,2,10,1,2,4,2,14,0,,,
1160,-8.980053,61.69742,-18.800001,54.4001,False,True,Action.DAMAGE_FLY_NEUTRAL,Action.THROW_BACK,3,11,1,2,4,2,14,0,,,
1161,-7.4109797,63.513664,-18.800001,54.4001,False,True,Action.DAMAGE_FLY_NEUTRAL,Action.THROW_BACK,4,12,1,2,4,2,14,0,,,
1162,-5.870425,65.11763,-18.800001,54.4001,False,True,Action.DAMAGE_FLY_NEUTRAL,Action.THROW_BACK,5,13,1,2,4,2,14,0,,,
1163,-4.35839,66.509315,-18.800001,54.4001,False,True,Action.DAMAGE_FLY_NEUTRAL,Action.THROW_BACK,6,15,1,2,4,2,16,0,,,
1164,-2.8748732,67.68872,-18.800001,54.4001,False,True,Action.DAMAGE_FLY_NEUTRAL,Action.THROW_BACK,7,16,1,2,4,2,16,0,,,
1165,-1.4198753,68.65584,-18.800001,54.4001,False,True,Action.DAMAGE_FLY_NEUTRAL,Action.THROW_BACK,8,17,1,2,4,2,16,0,,,
1166,0.006603837,69.410675,-18.800001,54.4001,False,True,Action.DAMAGE_FLY_NEUTRAL,Action.THROW_BACK,9,18,1,2,4,2,16,0,,,
1167,1.4045641,69.95324,-18.800001,54.4001,False,True,Action.DAMAGE_FLY_NEUTRAL,Action.THROW_BACK,10,20,1,2,4,2,18,0,,,
1168,2.7740057,70.28352,-18.800001,54.4001,False,True,Action.DAMAGE_FLY_NEUTRAL,Action.THROW_BACK,11,21,1,2,4,2,18,0,,,
1169,4.1149282,70.40152,-18.800001,54.4001,False,True,Action.DAMAGE_FLY_NEUTRAL,Action.THROW_BACK,12,22,1,2,4,2,19,0,,,
1170,5.427332,70.307236,-18.800001,54.4001,False,True,Action.DAMAGE_FLY_NEUTRAL,Action.THROW_BACK,13,23,1,2,4,2,19,0,,,
1171,6.711217,70.00067,-18.800001,54.4001,False,True,Action.DAMAGE_FLY_NEUTRAL,Action.THROW_BACK,14,25,1,2,4,2,19,0,,,
1172,7.9665833,69.48183,-18.800001,54.4001,False,True,Action.DAMAGE_FLY_NEUTRAL,Action.THROW_BACK,15,26,1,2,4,2,19,0,,,
1173,9.193431,68.7507,-18.800001,54.4001,False,True,Action.DAMAGE_FLY_NEUTRAL,Action.THROW_BACK,16,27,1,2,4,2,19,0,,,
1174,10.39176,67.8073,-18.800001,54.4001,False,True,Action.DAMAGE_FLY_NEUTRAL,Action.THROW_BACK,17,28,1,2,4,2,19,0,,,
1175,11.56157,66.65161,-18.800001,54.4001,False,True,Action.DAMAGE_FLY_NEUTRAL,Action.THROW_BACK,18,30,1,2,4,2,19,0,,,
1176,12.702862,65.283646,-18.800001,54.4001,False,True,Action.DAMAGE_FLY_NEUTRAL,Action.THROW_BACK,19,31,1,2,4,2,19,0,,,
1177,13.815634,63.833397,-18.800001,54.4001,False,True,Action.DAMAGE_FLY_NEUTRAL,Action.THROW_BACK,20,32,1,2,4,2,19,0,,,
1178,14.899887,62.34087,-18.800001,54.4001,False,True,Action.DAMAGE_FLY_NEUTRAL,Action.THROW_BACK,21,33,1,2,4,2,19,0,,,
1179,15.955622,60.80606,-18.800001,54.4001,False,True,Action.DAMAGE_FLY_NEUTRAL,Action.THROW_BACK,22,35,1,2,4,2,19,0,,,
1180,16.982838,59.22897,-18.800001,54.4001,False,True,Action.DAMAGE_FLY_NEUTRAL,Action.THROW_BACK,23,36,1,2,4,2,19,0,,,
1181,17.981535,57.6096,-18.800001,54.4001,False,True,Action.DAMAGE_FLY_NEUTRAL,Action.THROW_BACK,24,37,1,2,4,2,19,0,,,
1182,18.951714,55.94795,-18.800001,54.4001,False,True,Action.DAMAGE_FLY_NEUTRAL,Action.THROW_BACK,25,38,1,2,4,2,19,0,,,
1183,19.893373,54.244015,-18.800001,54.4001,False,True,Action.DAMAGE_FLY_NEUTRAL,Action.KNEE_BEND,26,1,1,2,4,2,19,0,,,
1184,20.806515,52.497803,-18.800001,54.4001,False,True,Action.DAMAGE_FLY_NEUTRAL,Action.KNEE_BEND,27,2,1,2,4,2,19,0,,,
1185,21.691135,50.70931,-18.800001,54.4001,False,True,Action.DAMAGE_FLY_NEUTRAL,Action.GRAB,28,1,1,2,4,2,19,0,,,
1186,22.547237,48.878532,-18.800001,54.4001,False,True,Action.DAMAGE_FLY_NEUTRAL,Action.GRAB,29,2,1,2,4,2,19,0,,,
1187,23.37482,47.005478,-18.800001,54.4001,False,True,Action.DAMAGE_FLY_NEUTRAL,Action.GRAB,29,3,1,2,4,2,19,0,,,
1188,24.173885,45.09014,-18.800001,54.4001,False,True,Action.DAMAGE_FLY_NEUTRAL,Action.GRAB,29,4,1,2,4,2,19,0,,,
1189,24.944431,43.132523,-18.800001,54.4001,False,True,Action.DAMAGE_FLY_NEUTRAL,Action.GRAB,29,5,1,2,4,2,19,0,,,
1190,25.686459,41.13262,-18.800001,54.4001,False,True,Action.DAMAGE_FLY_NEUTRAL,Action.GRAB,29,6,1,2,4,2,19,0,,,
1191,26.399967,39.090443,-18.800001,54.4001,False,True,Action.DAMAGE_FLY_NEUTRAL,Action.GRAB,29,7,1,2,4,2,19,0,,,
1192,27.084957,37.00598,-18.800001,54.4001,False,True,Action.DAMAGE_FLY_NEUTRAL,Action.GRAB,29,8,1,2,4,2,19,0,,,
1193,27.741428,34.87924,-18.800001,54.4001,False,True,Action.DAMAGE_FLY_NEUTRAL,Action.GRAB,29,9,1,2,4,2,19,0,,,
1194,28.36938,32.710213,-18.800001,54.4001,False,True,Action.DAMAGE_FLY_NEUTRAL,Action.GRAB,29,10,1,2,4,2,19,0,,,
1195,28.968813,30.498907,-18.800001,54.4001,False,True,Action.DAMAGE_FLY_NEUTRAL,Action.GRAB,29,11,1,2,4,2,19,0,,,
1196,29.539726,28.245321,-18.800001,54.4001,False,True,Action.DAMAGE_FLY_NEUTRAL,Action.GRAB,29,12,1,2,4,2,19,0,,,
1197,29.49845,32.733456,-18.800001,54.4001,False,True,Action.JUMPING_ARIAL_FORWARD,Action.GRAB,1,13,0,2,4,2,19,0,,,
1198,29.359043,37.009308,-18.800001,54.4001,False,True,Action.JUMPING_ARIAL_FORWARD,Action.GRAB,2,14,0,2,4,2,19,0,,,
1199,29.12151,41.072876,-18.800001,54.4001,False,True,Action.JUMPING_ARIAL_FORWARD,Action.GRAB,3,15,0,2,4,2,19,0,,,
1200,28.875458,44.924168,-18.800001,54.4001,False,True,Action.JUMPING_ARIAL_FORWARD,Action.GRAB,4,16,0,2,4,2,19,0,,,
1201,28.620888,48.563175,-18.800001,54.4001,False,True,Action.JUMPING_ARIAL_FORWARD,Action.GRAB,5,17,0,2,4,2,19,0,,,
1202,28.357798,51.989902,-18.800001,54.4001,False,True,Action.JUMPING_ARIAL_FORWARD,Action.GRAB,6,18,0,2,4,2,19,0,,,
1203,28.08619,55.20435,-18.800001,54.4001,False,True,Action.JUMPING_ARIAL_FORWARD,Action.GRAB,7,19,0,2,4,2,19,0,,,
1204,27.806063,58.206516,-18.800001,54.4001,False,True,Action.JUMPING_ARIAL_FORWARD,Action.GRAB,8,20,0,2,4,2,19,0,,,
1205,27.517418,60.9964,-18.800001,54.4001,False,True,Action.JUMPING_ARIAL_FORWARD,Action.GRAB,9,21,0,2,4,2,19,0,,,
1206,27.180643,63.574005,-18.800001,54.4001,False,True,Action.JUMPING_ARIAL_FORWARD,Action.GRAB,10,22,0,2,4,2,19,0,,,
1207,26.745739,65.93933,-18.800001,54.4001,False,True,Action.JUMPING_ARIAL_FORWARD,Action.GRAB,11,23,0,2,4,2,19,0,,,
1208,26.212708,68.09237,-18.800001,54.4001,False,True,Action.JUMPING_ARIAL_FORWARD,Action.GRAB,12,24,0,2,4,2,19,0,,,
1209,25.589361,70.03313,-18.800001,54.4001,False,True,Action.JUMPING_ARIAL_FORWARD,Action.GRAB,13,25,0,2,4,2,19,0,,,
1210,24.937496,71.761604,-18.800001,54.4001,False,True,Action.JUMPING_ARIAL_FORWARD,Action.GRAB,14,26,0,2,4,2,19,0,,,
1211,24.257113,73.27781,-18.800001,54.4001,False,True,Action.JUMPING_ARIAL_FORWARD,Action.GRAB,15,27,0,2,4,2,19,0,,,
1212,23.54821,74.58173,-18.800001,54.4001,False,True,Action.JUMPING_ARIAL_FORWARD,Action.GRAB,16,28,0,2,4,2,19,0,,,
1213,22.81079,75.67337,-18.800001,54.4001,False,True,Action.JUMPING_ARIAL_FORWARD,Action.GRAB,17,29,0,2,4,2,19,0,,,
1214,22.04485,76.55273,-18.800001,54.4001,False,True,Action.JUMPING_ARIAL_FORWARD,Action.GRAB,18,30,0,2,4,2,19,0,,,
1215,21.250391,77.2198,-18.800001,54.4001,False,True,Action.JUMPING_ARIAL_FORWARD,Action.UPSMASH,19,1,0,2,4,2,19,0,,,
1216,20.427412,77.6746,-18.800001,54.4001,False,True,Action.JUMPING_ARIAL_FORWARD,Action.UPSMASH,20,2,0,2,4,2,19,0,,,
1217,19.603897,77.958595,-18.800001,54.4001,False,True,Action.JUMPING_ARIAL_FORWARD,Action.UPSMASH,21,2,0,2,4,2,19,0,,,
1218,18.780382,78.07259,-18.800001,54.4001,False,True,Action.JUMPING_ARIAL_FORWARD,Action.UPSMASH,22,3,0,2,4,2,19,0,,,
1219,17.956867,78.016594,-18.800001,54.4001,False,True,Action.JUMPING_ARIAL_FORWARD,Action.UPSMASH,23,4,0,2,4,2,19,0,,,
1220,17.133352,77.790596,-18.800001,54.4001,False,True,Action.JUMPING_ARIAL_FORWARD,Action.UPSMASH,24,5,0,2,4,2,19,0,,,
1221,16.309837,77.39459,-18.800001,54.4001,False,True,Action.JUMPING_ARIAL_FORWARD,Action.UPSMASH,25,6,0,2,4,2,19,0,,,
1222,15.486321,76.82859,-18.800001,54.4001,False,True,Action.JUMPING_ARIAL_FORWARD,Action.UPSMASH,26,7,0,2,4,2,19,0,,,
1223,14.662806,76.09259,-18.800001,54.4001,False,True,Action.JUMPING_ARIAL_FORWARD,Action.UPSMASH,27,8,0,2,4,2,19,0,,,
1224,13.83929,75.18659,-18.800001,54.4001,False,True,Action.JUMPING_ARIAL_FORWARD,Action.UPSMASH,28,9,0,2,4,2,19,0,,,
1225,13.015774,74.11059,-18.800001,54.4001,False,True,Action.JUMPING_ARIAL_FORWARD,Action.UPSMASH,29,10,0,2,4,2,19,0,,,
1226,12.192258,72.864586,-18.800001,54.4001,False,True,Action.JUMPING_ARIAL_FORWARD,Action.UPSMASH,30,11,0,2,4,2,19,0,,,
1227,11.368742,71.448586,-18.800001,54.4001,False,True,Action.JUMPING_ARIAL_FORWARD,Action.UPSMASH,31,12,0,2,4,2,19,0,,,
1228,10.545226,69.86259,-18.800001,54.4001,False,True,Action.JUMPING_ARIAL_FORWARD,Action.UPSMASH,32,13,0,2,4,2,19,0,,,
1229,9.72171,68.10658,-18.800001,54.4001,False,True,Action.JUMPING_ARIAL_FORWARD,Action.UPSMASH,33,14,0,2,4,2,19,0,,,
1230,8.898194,66.18058,-18.800001,54.4001,False,True,Action.JUMPING_ARIAL_FORWARD,Action.UPSMASH,34,15,0,2,4,2,19,0,,,
1231,8.074678,64.08458,-18.800001,54.4001,False,True,Action.JUMPING_ARIAL_FORWARD,Action.UPSMASH,35,16,0,2,4,2,19,0,,,
1232,7.251163,61.81858,-18.800001,54.4001,False,True,Action.JUMPING_ARIAL_FORWARD,Action.UPSMASH,36,17,0,2,4,2,19,0,,,
1233,6.4276476,59.38258,-18.800001,54.4001,False,True,Action.JUMPING_ARIAL_FORWARD,Action.UPSMASH,37,18,0,2,4,2,19,0,,,
1234,5.604132,56.77658,-18.800001,54.4001,False,True,Action.JUMPING_ARIAL_FORWARD,Action.UPSMASH,38,19,0,2,4,2,19,0,,,
1235,4.7806168,54.00058,-18.800001,54.4001,False,True,Action.JUMPING_ARIAL_FORWARD,Action.UPSMASH,39,20,0,2,4,2,19,0,,,
1236,3.957101,51.05458,-18.800001,54.4001,False,True,Action.JUMPING_ARIAL_FORWARD,Action.UPSMASH,40,21,0,2,4,2,19,0,,,
1237,3.1335855,47.954582,-18.800001,54.4001,False,True,Action.JUMPING_ARIAL_FORWARD,Action.UPSMASH,41,22,0,2,4,2,19,0,,,
1238,2.3100698,54.4001,-18.800001,54.4001,False,True,Action.LANDING,Action.UPSMASH,1,23,2,2,4,2,19,0,,,
1239,1.5665543,54.4001,-18.800001,54.4001,False,True,Action.LANDING,Action.UPSMASH,2,24,2,2,4,2,19,0,,,
1240,0.90303874,54.4001,-18.800001,54.4001,False,True,Action.LANDING,Action.UPSMASH,3,25,2,2,4,2,19,0,,,
1241,0.31952316,54.4001,-18.800001,54.4001,False,True,Action.LANDING,Action.UPSMASH,4,26,2,2,4,2,19,0,,,
1242,-0.18399245,54.4001,-18.800001,54.4001,False,True,Action.LANDING,Action.UPSMASH,5,27,2,2,4,2,19,0,,,
1243,-0.60750806,54.4001,-18.800001,54.4001,False,True,Action.LANDING,Action.UPSMASH,6,28,2,2,4,2,19,0,,,
1244,-0.9510237,54.4001,-18.800001,54.4001,False,True,Action.LANDING,Action.UPSMASH,7,29,2,2,4,2,19,0,,,
1245,-1.2145394,54.4001,-18.800001,54.4001,False,True,Action.LANDING,Action.UPSMASH,8,30,2,2,4,2,19,0,,,
1246,-1.3980551,54.4001,-18.800001,54.4001,False,True,Action.LANDING,Action.UPSMASH,9,31,2,2,4,2,19,0,,,
1247,-1.5015708,54.4001,-18.800001,54.4001,False,True,Action.LANDING,Action.UPSMASH,10,32,2,2,4,2,19,0,,,
1248,-1.5250865,54.4001,-18.800001,54.4001,False,True,Action.LANDING,Action.UPSMASH,11,33,2,2,4,2,19,0,,,
1249,-1.5250865,54.4001,-18.800001,54.4001,False,True,Action.LANDING,Action.UPSMASH,12,34,2,2,4,2,19,0,,,
1250,-1.5250865,54.4001,-18.800001,54.4001,False,True,Action.LANDING,Action.UPSMASH,13,35,2,2,4,2,19,0,,,
1251,-1.5250865,54.4001,-18.800001,54.4001,False,True,Action.LANDING,Action.UPSMASH,14,36,2,2,4,2,19,0,,,
1252,-1.5250865,54.4001,-18.800001,54.4001,False,True,Action.LANDING,Action.UPSMASH,15,37,2,2,4,2,19,0,,,
1253,-1.5250865,54.4001,-18.800001,54.4001,False,True,Action.LANDING,Action.UPSMASH,16,38,2,2,4,2,19,0,,,
1254,-1.5250865,54.4001,-18.800001,54.4001,False,True,Action.LANDING,Action.UPSMASH,17,39,2,2,4,2,19,0,,,
1255,-1.5250865,54.4001,-18.800001,54.4001,False,True,Action.LANDING,Action.UPSMASH,18,40,2,2,4,2,19,0,,,
1256,-1.5250865,54.4001,-18.800001,54.4001,False,True,Action.LANDING,Action.UPSMASH,19,41,2,2,4,2,19,0,,,
1257,-1.5250865,54.4001,-18.800001,54.4001,False,True,Action.LANDING,Action.KNEE_BEND,20,1,2,2,4,2,19,0,,,
1258,-1.5250865,54.4001,-18.800001,54.4001,False,True,Action.LANDING,Action.KNEE_BEND,21,2,2,2,4,2,19,0,,,
1259,-1.5250865,54.4001,-18.800001,54.4001,False,True,Action.LANDING,Action.KNEE_BEND,22,3,2,2,4,2,19,0,,,
1260,-1.5250865,54.4001,-19.410002,58.5861,False,True,Action.LANDING,Action.JUMPING_ARIAL_BACKWARD,23,1,2,0,4,2,19,0,,,
1261,-1.5250865,54.4001,-20.09925,62.542103,False,True,Action.NEUTRAL_ATTACK_1,Action.JUMPING_ARIAL_BACKWARD,1,2,2,0,4,2,19,0,,,
1262,-1.5250865,54.4001,-20.867,66.268105,False,True,Action.NEUTRAL_ATTACK_1,Action.BAIR,2,1,2,0,4,2,19,0,,,
1263,-1.5250865,54.4001,-21.61475,69.76411,False,True,Action.NEUTRAL_ATTACK_1,Action.BAIR,3,2,2,0,4,2,19,0,,,
1264,-1.5250865,54.4001,-22.3425,73.030106,False,True,Action.NEUTRAL_ATTACK_1,Action.BAIR,4,3,2,0,4,2,19,0,,,
1265,-1.5250865,54.4001,-23.1495,76.06611,False,True,Action.NEUTRAL_ATTACK_1,Action.BAIR,5,4,2,0,4,2,19,0,,,
1266,-1.5250865,54.4001,-23.9365,78.87211,False,True,Action.NEUTRAL_ATTACK_1,Action.BAIR,6,5,2,0,4,2,19,0,,,
1267,-1.5250865,54.4001,-24.7035,81.448105,False,True,Action.NEUTRAL_ATTACK_1,Action.BAIR,7,6,2,0,4,2,19,0,,,
1268,-1.5250865,54.4001,-25.523127,83.794106,False,True,Action.NEUTRAL_ATTACK_1,Action.BAIR,8,7,2,0,4,2,19,0,,,
1269,-1.5250865,54.4001,-26.322752,85.9101,False,True,Action.NEUTRAL_ATTACK_1,Action.BAIR,9,8,2,0,4,2,19,0,,,
1270,-1.5250865,54.4001,-27.102377,87.796104,False,True,Action.NEUTRAL_ATTACK_1,Action.BAIR,10,9,2,0,4,2,19,0,,,
1271,-1.5250865,54.4001,-27.862001,89.4521,False,True,Action.NEUTRAL_ATTACK_1,Action.BAIR,11,10,2,0,4,2,19,0,,,
1272,-1.5250865,54.4001,-28.601627,90.878105,False,True,Action.NEUTRAL_ATTACK_1,Action.BAIR,12,11,2,0,4,2,19,0,,,
1273,-1.5250865,54.4001,-29.321253,92.074104,False,True,Action.NEUTRAL_ATTACK_1,Action.BAIR,13,12,2,0,4,2,19,0,,,
1274,-1.5250865,54.4001,-29.968378,93.04011,False,True,Action.NEUTRAL_ATTACK_1,Action.BAIR,14,13,2,0,4,2,19,0,,,
1275,-1.5250865,54.4001,-30.693253,93.77611,False,True,Action.NEUTRAL_ATTACK_1,Action.BAIR,15,14,2,0,4,2,19,0,,,
1276,-1.5250865,54.4001,-31.356127,94.282104,False,True,Action.NEUTRAL_ATTACK_1,Action.BAIR,16,15,2,0,4,2,19,0,,,
1277,-1.5250865,54.4001,-32.096,94.558105,False,True,Action.NEUTRAL_ATTACK_1,Action.BAIR,17,16,2,0,4,2,19,0,,,
1278,-1.5250865,54.4001,-32.815876,94.6041,False,True,Action.STANDING,Action.BAIR,1,17,2,0,4,2,19,0,,,
1279,-1.5250865,54.4001,-33.53175,94.420105,False,True,Action.STANDING,Action.BAIR,2,18,2,0,4,2,19,0,,,
1280,-1.5250865,54.4001,-34.325375,94.0061,False,True,Action.STANDING,Action.BAIR,3,19,2,0,4,2,19,0,,,
1281,-1.5250865,54.4001,-35.145,93.36211,False,True,Action.STANDING,Action.BAIR,4,20,2,0,4,2,19,0,,,
1282,-1.5250865,54.4001,-35.902626,89.962105,False,True,Action.STANDING,Action.BAIR,5,21,2,0,4,2,19,0,,,
1283,-1.5250865,54.4001,-36.611,86.5621,False,True,Action.STANDING,Action.BAIR,6,22,2,0,4,2,19,0,,,
1284,-1.5250865,54.4001,-37.299374,83.1621,False,True,Action.STANDING,Action.BAIR,7,23,2,0,4,2,19,0,,,
1285,-1.5250865,54.4001,-37.94,79.7621,False,True,Action.STANDING,Action.BAIR,8,24,2,0,4,2,19,0,,,
1286,-1.5250865,54.4001,-38.657623,76.3621,False,True,Action.STANDING,Action.BAIR,9,25,2,0,4,2,19,0,,,
1287,-1.5250865,54.4001,-39.33725,72.9621,False,True,Action.STANDING,Action.BAIR,10,26,2,0,4,2,19,0,,,
1288,-1.5250865,54.4001,-40.094624,69.562096,False,True,Action.STANDING,Action.BAIR,11,27,2,0,4,2,19,0,,,
1289,-1.5250865,54.4001,-40.831997,66.162094,False,True,Action.STANDING,Action.BAIR,12,28,2,0,4,2,19,0,,,
1290,-1.5250865,54.4001,-41.499123,62.762093,False,True,Action.STANDING,Action.BAIR,13,29,2,0,4,2,19,0,,,
1291,-1.5250865,54.4001,-42.240246,59.36209,False,True,Action.STANDING,Action.BAIR,14,30,2,0,4,2,19,0,,,
1292,-1.5250865,54.4001,-42.961372,55.96209,False,True,Action.STANDING,Action.BAIR,15,31,2,0,4,2,19,0,,,
1293,-1.5250865,54.4001,-43.760998,52.562088,False,True,Action.STANDING,Action.BAIR,16,32,2,0,4,2,19,0,,,
1294,-1.5250865,54.4001,-44.540623,49.162086,False,True,Action.STANDING,Action.BAIR,17,33,2,0,4,2,19,0,,,
1295,-1.5250865,54.4001,-45.36025,45.762085,False,True,Action.STANDING,Action.BAIR,18,34,2,0,4,2,19,0,,,
1296,-1.6813365,54.4001,-46.159874,42.362083,False,True,Action.WALK_SLOW,Action.BAIR,1,35,2,0,4,2,19,0,,,
1297,-1.8873163,54.4001,-46.9395,38.962082,False,True,Action.WALK_SLOW,Action.BAIR,2,36,2,0,4,2,19,0,,,
1298,-2.1362927,54.4001,-47.738373,35.56208,False,True,Action.WALK_SLOW,Action.BAIR,2,37,2,0,4,2,19,0,,,
1299,-2.4231982,54.4001,-48.475246,32.16208,False,True,Action.WALK_SLOW,Action.BAIR,3,38,2,0,4,2,19,0,,,
1300,-2.7441769,54.4001,-49.222248,28.76208,False,True,Action.WALK_SLOW,Action.BAIR,4,1,2,0,4,2,19,0,,,
1301,-3.0962677,54.4001,-49.94925,25.36208,False,True,Action.WALK_SLOW,Action.BAIR,5,2,2,0,4,2,19,0,,,
1302,-3.4771767,54.4001,-50.65625,27.2001,False,True,Action.WALK_SLOW,Action.LANDING,7,1,2,2,4,2,19,0,,,
1303,-3.8851144,54.4001,-51.28325,27.2001,False,True,Action.WALK_SLOW,Action.LANDING,8,2,2,2,4,2,19,0,,,
1304,-4.318676,54.4001,-51.83025,27.2001,False,True,Action.WALK_SLOW,Action.LANDING,10,3,2,2,4,2,19,0,,,
1305,-4.776753,54.4001,-52.29725,27.2001,False,True,Action.WALK_SLOW,Action.LANDING,12,4,2,2,4,2,19,0,,,
1306,-5.258466,54.4001,-52.68425,27.2001,False,True,Action.WALK_SLOW,Action.DOWNSMASH,14,1,2,2,4,2,19,0,,,
1307,-5.763116,54.4001,-52.99125,27.2001,False,True,Action.WALK_SLOW,Action.DOWNSMASH,16,2,2,2,4,2,19,0,,,
1308,-6.290145,54.4001,-53.21825,27.2001,False,True,Action.WALK_SLOW,Action.DOWNSMASH,18,2,2,2,4,2,19,0,,,
1309,-6.839107,54.4001,-53.36525,27.2001,False,True,Action.WALK_SLOW,Action.DOWNSMASH,20,3,2,2,4,2,19,0,,,
1310,-7.409646,54.4001,-53.43225,27.2001,False,True,Action.WALK_SLOW,Action.DOWNSMASH,22,4,2,2,4,2,19,0,,,
1311,-8.001477,54.4001,-53.43225,27.2001,False,True,Action.WALK_MIDDLE,Action.DOWNSMASH,18,5,2,2,4,2,19,0,,,
1312,-8.614372,54.4001,-53.43225,27.2001,False,True,Action.WALK_MIDDLE,Action.DOWNSMASH,19,6,2,2,4,2,19,0,,,
1313,-9.248151,54.4001,-53.43225,27.2001,False,True,Action.WALK_MIDDLE,Action.DOWNSMASH,20,7,2,2,4,2,19,0,,,
1314,-9.90267,54.4001,-53.43225,27.2001,False,True,Action.WALK_MIDDLE,Action.DOWNSMASH,21,8,2,2,4,2,19,0,,,
1315,-10.577816,54.4001,-53.43225,27.2001,False,True,Action.WALK_MIDDLE,Action.DOWNSMASH,22,9,2,2,4,2,19,0,,,
1316,-11.273502,54.4001,-53.43225,27.2001,False,True,Action.WALK_MIDDLE,Action.DOWNSMASH,23,10,2,2,4,2,19,0,,,
1317,-11.989661,54.4001,-53.43225,27.2001,False,True,Action.WALK_MIDDLE,Action.DOWNSMASH,24,11,2,2,4,2,19,0,,,
1318,-12.726243,54.4001,-53.43225,27.2001,False,True,Action.WALK_MIDDLE,Action.DOWNSMASH,25,12,2,2,4,2,19,0,,,
1319,-13.483211,54.4001,-53.43225,27.2001,False,True,Action.WALK_MIDDLE,Action.DOWNSMASH,27,13,2,2,4,2,19,0,,,
1320,-14.260538,54.4001,-53.43225,27.2001,False,True,Action.WALK_MIDDLE,Action.DOWNSMASH,28,14,2,2,4,2,19,0,,,
1321,-15.05821,54.4001,-53.43225,27.2001,False,True,Action.WALK_MIDDLE,Action.DOWNSMASH,29,15,2,2,4,2,19,0,,,
1322,-15.876219,54.4001,-53.43225,27.2001,False,True,Action.WALK_MIDDLE,Action.DOWNSMASH,31,16,2,2,4,2,19,0,,,
1323,-16.714561,54.4001,-53.43225,27.2001,False,True,Action.WALK_MIDDLE,Action.DOWNSMASH,32,17,2,2,4,2,19,0,,,
1324,-17.57324,54.4001,-53.43225,27.2001,False,True,Action.WALK_MIDDLE,Action.DOWNSMASH,33,18,2,2,4,2,19,0,,,
1325,-18.449793,54.4001,-53.43225,27.2001,False,True,Action.WALK_MIDDLE,Action.DOWNSMASH,0,19,2,2,4,2,19,0,,,
1326,-18.800001,54.4001,-53.43225,27.2001,False,True,Action.EDGE_TEETERING_START,Action.DOWNSMASH,1,20,2,2,4,2,19,0,,,
1327,-18.800001,54.4001,-53.43225,27.2001,False,True,Action.EDGE_TEETERING_START,Action.DOWNSMASH,2,21,2,2,4,2,19,0,,,
1328,-18.800001,54.4001,-53.43225,27.2001,False,True,Action.DASHING,Action.DOWNSMASH,1,22,2,2,4,2,19,0,,,
1329,-20.62,54.4001,-53.43225,27.2001,False,True,Action.FALLING,Action.DOWNSMASH,1,23,1,2,4,2,19,0,,,
1330,-21.43,54.230103,-53.43225,27.2001,False,True,Action.FALLING,Action.DOWNSMASH,2,24,1,2,4,2,19,0,,,
1331,-22.220001,53.890102,-53.43225,27.2001,False,True,Action.FALLING,Action.DOWNSMASH,3,25,1,2,4,2,19,0,,,
1332,-22.990002,53.380104,-53.43225,27.2001,False,True,Action.FALLING,Action.DOWNSMASH,4,26,1,2,4,2,19,0,,,
1333,-23.740002,52.700104,-53.43225,27.2001,False,True,Action.FALLING,Action.DOWNSMASH,5,27,1,2,4,2,19,0,,,
1334,-24.55961,51.850105,-53.43225,27.2001,False,True,Action.FALLING,Action.DOWNSMASH,6,28,1,2,4,2,19,0,,,
1335,-25.383125,50.830105,-53.43225,27.2001,False,True,Action.FALLING,Action.DOWNSMASH,7,29,1,2,4,2,19,0,,,
1336,-26.20664,49.640106,-53.43225,27.2001,False,True,Action.FALLING,Action.DOWNSMASH,8,30,1,2,4,2,19,0,,,
1337,-27.030155,48.280106,-53.43225,27.2001,False,True,Action.FALLING,Action.DOWNSMASH,1,31,1,2,4,2,19,0,,,
1338,-27.85367,46.750107,-53.43225,27.2001,False,True,Action.FALLING,Action.DOWNSMASH,2,32,1,2,4,2,19,0,,,
1339,-28.677185,45.050106,-53.43225,27.2001,False,True,Action.FALLING,Action.DOWNSMASH,3,33,1,2,4,2,19,0,,,
1340,-29.5007,43.180107,-53.43225,27.2001,False,True,Action.FALLING,Action.DOWNSMASH,4,34,1,2,4,2,19,0,,,
1341,-30.324215,41.140106,-53.43225,27.2001,False,True,Action.FALLING,Action.DOWNSMASH,5,35,1,2,4,2,19,0,,,
1342,-31.14773,38.930107,-53.43225,27.2001,False,True,Action.FALLING,Action.DOWNSMASH,6,36,1,2,4,2,19,0,,,
1343,-31.971245,36.550106,-53.43225,27.2001,False,True,Action.FALLING,Action.DOWNSMASH,7,37,1,2,4,2,19,0,,,
1344,-32.79476,34.000107,-53.43225,27.2001,False,True,Action.FALLING,Action.DOWNSMASH,8,38,1,2,4,2,19,0,,,
1345,-33.61828,31.280107,-53.43225,27.2001,False,True,Action.FALLING,Action.DOWNSMASH,1,39,1,2,4,2,19,0,,,
1346,-34.441795,28.390108,-53.43225,27.2001,False,True,Action.FALLING,Action.DOWNSMASH,2,40,1,2,4,2,19,0,,,
1347,-35.265312,25.330109,-53.43225,27.2001,False,True,Action.FALLING,Action.DOWNSMASH,3,41,1,2,4,2,19,0,,,
1348,-36.08883,27.2001,-53.43225,27.2001,False,True,Action.LANDING,Action.DOWNSMASH,1,42,2,2,4,2,19,0,,,
1349,-36.832344,27.2001,-53.43225,27.2001,False,True,Action.LANDING,Action.DOWNSMASH,2,43,2,2,4,2,19,0,,,
1350,-37.49586,27.2001,-53.43225,27.2001,False,True,Action.LANDING,Action.DOWNSMASH,3,44,2,2,4,2,19,0,,,
1351,-38.079376,27.2001,-53.43225,27.2001,False,True,Action.LANDING,Action.DOWNSMASH,4,45,2,2,4,2,19,0,,,
1352,-38.582893,27.2001,-53.43225,27.2001,False,True,Action.LANDING,Action.SHIELD_START,5,-1,2,2,4,2,19,0,,,
1353,-39.00641,27.2001,-53.43225,27.2001,False,True,Action.LANDING,Action.SPOTDODGE,6,1,2,2,4,2,19,0,,,
1354,-39.349926,27.2001,-53.43225,27.2001,False,True,Action.LANDING,Action.SPOTDODGE,7,2,2,2,4,2,19,0,,,
1355,-39.61344,27.2001,-53.43225,27.2001,False,True,Action.LANDING,Action.SPOTDODGE,8,3,2,2,4,2,19,0,,,
1356,-39.79696,27.2001,-53.43225,27.2001,False,True,Action.LANDING,Action.SPOTDODGE,9,4,2,2,4,2,19,0,,,
1357,-39.900475,27.2001,-53.43225,27.2001,False,True,Action.LANDING,Action.SPOTDODGE,10,5,2,2,4,2,19,0,,,
1358,-39.923992,27.2001,-53.43225,27.2001,False,True,Action.LANDING,Action.SPOTDODGE,11,6,2,2,4,2,19,0,,,
1359,-39.923992,27.2001,-53.43225,27.2001,False,True,Action.LANDING,Action.SPOTDODGE,12,7,2,2,4,2,19,0,,,
1360,-39.923992,27.2001,-53.43225,27.2001,False,True,Action.NEUTRAL_ATTACK_1,Action.SPOTDODGE,1,8,2,2,4,2,19,0,,,
1361,-39.923992,27.2001,-53.43225,27.2001,False,True,Action.NEUTRAL_ATTACK_1,Action.SPOTDODGE,2,9,2,2,4,2,19,0,,,
1362,-39.923992,27.2001,-53.43225,27.2001,False,True,Action.NEUTRAL_ATTACK_1,Action.SPOTDODGE,3,10,2,2,4,2,19,0,,,
1363,-39.923992,27.2001,-53.43225,27.2001,False,True,Action.NEUTRAL_ATTACK_1,Action.SPOTDODGE,4,11,2,2,4,2,19,0,,,
1364,-39.923992,27.2001,-53.43225,27.2001,False,True,Action.NEUTRAL_ATTACK_1,Action.SPOTDODGE,5,12,2,2,4,2,19,0,,,
1365,-39.923992,27.2001,-53.43225,27.2001,False,True,Action.NEUTRAL_ATTACK_2,Action.SPOTDODGE,1,13,2,2,4,2,19,0,,,
1366,-43.77399,27.2001,-53.43225,27.2001,False,True,Action.NEUTRAL_ATTACK_2,Action.SPOTDODGE,2,14,2,2,4,2,19,0,,,
1367,-47.62399,27.2001,-53.43225,27.2001,False,True,Action.NEUTRAL_ATTACK_2,Action.SPOTDODGE,3,15,2,2,4,2,19,0,,,
1368,-47.32399,27.2001,-53.43225,27.2001,False,True,Action.NEUTRAL_ATTACK_2,Action.DAMAGE_NEUTRAL_1,4,1,2,1,4,2,19,4,,,
1369,-47.32399,27.2001,-58.15725,30.8001,False,True,Action.NEUTRAL_ATTACK_2,Action.DAMAGE_NEUTRAL_1,4,1,2,1,4,2,19,4,,,
1370,-47.32399,27.2001,-61.98225,26.225101,False,True,Action.NEUTRAL_ATTACK_2,Action.DAMAGE_NEUTRAL_1,4,1,2,1,4,2,19,4,,,
1371,-47.32399,27.2001,-61.98225,26.225101,False,True,Action.NEUTRAL_ATTACK_2,Action.DAMAGE_NEUTRAL_1,4,1,2,1,4,2,19,4,,,
1372,-47.32399,27.2001,-61.406292,29.18115,False,True,Action.NEUTRAL_ATTACK_2,Action.DAMAGE_NEUTRAL_1,5,2,2,1,4,2,19,4,,,
1373,-47.32399,27.2001,-61.7681,29.059847,False,True,Action.NEUTRAL_ATTACK_2,Action.DAMAGE_NEUTRAL_1,6,3,2,1,4,2,19,4,,,
1374,-47.32399,27.2001,-62.092678,28.673687,False,True,Action.LOOPING_ATTACK_START,Action.DAMAGE_NEUTRAL_1,1,4,2,1,4,2,19,4,,,
1375,-47.32399,27.2001,-62.380024,28.022675,False,True,Action.LOOPING_ATTACK_START,Action.DAMAGE_NEUTRAL_1,2,5,2,1,4,2,19,4,,,
1376,-47.32399,27.2001,-62.630135,27.10681,False,True,Action.LOOPING_ATTACK_START,Action.DAMAGE_NEUTRAL_1,3,6,2,1,4,2,19,4,,,
1377,-47.32399,27.2001,-62.843014,25.92609,False,True,Action.LOOPING_ATTACK_START,Action.DAMAGE_NEUTRAL_1,4,7,2,1,4,2,19,4,,,
1378,-47.32399,27.2001,-63.01866,26.090517,False,False,Action.LOOPING_ATTACK_START,Action.SWORD_DANCE_2_HIGH,5,1,2,0,4,2,19,4,,,
1379,-47.32399,27.2001,-63.157078,26.22009,False,False,Action.LOOPING_ATTACK_START,Action.SWORD_DANCE_2_HIGH,6,2,2,0,4,2,19,4,,,
1380,-47.32399,27.2001,-63.258263,26.31481,False,False,Action.LOOPING_ATTACK_MIDDLE,Action.SWORD_DANCE_2_HIGH,1,3,2,0,4,2,19,4,,,
1381,-47.32399,27.2001,-63.322216,26.374676,False,False,Action.LOOPING_ATTACK_MIDDLE,Action.SWORD_DANCE_2_HIGH,2,4,2,0,4,2,19,4,,,
1382,-47.32399,27.2001,-63.348934,26.399689,False,False,Action.LOOPING_ATTACK_MIDDLE,Action.SWORD_DANCE_2_HIGH,3,5,2,0,4,2,19,4,,,
1383,-47.32399,27.2001,-63.348934,26.399689,False,False,Action.LOOPING_ATTACK_MIDDLE,Action.SWORD_DANCE_2_HIGH,4,6,2,0,4,2,19,4,,,
1384,-47.32399,27.2001,-63.348934,26.399689,False,False,Action.LOOPING_ATTACK_MIDDLE,Action.SWORD_DANCE_2_HIGH,5,7,2,0,4,2,19,4,,,
1385,-47.32399,27.2001,-63.348934,26.399689,False,False,Action.LOOPING_ATTACK_MIDDLE,Action.SWORD_DANCE_2_HIGH,6,8,2,0,4,2,19,4,,,
1386,-47.32399,27.2001,-63.348934,26.399689,False,False,Action.LOOPING_ATTACK_MIDDLE,Action.SWORD_DANCE_2_HIGH,7,9,2,0,4,2,19,4,,,
1387,-47.32399,27.2001,-63.348934,26.399689,False,False,Action.LOOPING_ATTACK_MIDDLE,Action.SWORD_DANCE_2_HIGH,8,10,2,0,4,2,19,4,,,
1388,-47.32399,27.2001,-63.348934,26.399689,False,False,Action.LOOPING_ATTACK_MIDDLE,Action.SWORD_DANCE_2_HIGH,9,11,2,0,4,2,19,4,,,
1389,-47.32399,27.2001,-63.348934,26.399689,False,False,Action.LOOPING_ATTACK_MIDDLE,Action.SWORD_DANCE_2_HIGH,10,12,2,0,4,2,19,4,,,
1390,-47.32399,27.2001,-63.348934,26.399689,False,False,Action.LOOPING_ATTACK_MIDDLE,Action.SWORD_DANCE_2_HIGH,11,13,2,0,4,2,19,4,,,
1391,-47.32399,27.2001,-63.348934,26.399689,False,False,Action.LOOPING_ATTACK_MIDDLE,Action.SWORD_DANCE_2_HIGH,12,14,2,0,4,2,19,4,,,
1392,-47.32399,27.2001,-63.348934,26.399689,False,False,Action.LOOPING_ATTACK_MIDDLE,Action.SWORD_DANCE_2_HIGH,13,15,2,0,4,2,19,4,,,
1393,-47.32399,27.2001,-63.348934,26.383022,False,False,Action.LOOPING_ATTACK_MIDDLE,Action.SWORD_DANCE_2_HIGH,14,16,2,0,4,2,19,4,,,
1394,-47.32399,27.2001,-63.348934,26.34969,False,False,Action.LOOPING_ATTACK_MIDDLE,Action.SWORD_DANCE_2_HIGH,15,17,2,0,4,2,19,4,,,
1395,-47.32399,27.2001,-63.348934,26.29969,False,False,Action.LOOPING_ATTACK_MIDDLE,Action.SWORD_DANCE_2_HIGH,16,18,2,0,4,2,19,4,,,
1396,-47.32399,27.2001,-63.348934,26.233023,False,True,Action.LOOPING_ATTACK_MIDDLE,Action.DAMAGE_AIR_2,17,1,2,0,4,2,19,5,,,
1397,-47.32399,27.2001,-63.348934,26.233023,False,True,Action.LOOPING_ATTACK_MIDDLE,Action.DAMAGE_AIR_2,17,1,2,0,4,2,19,5,,,
1398,-47.32399,27.2001,-67.548935,30.433022,False,True,Action.LOOPING_ATTACK_MIDDLE,Action.DAMAGE_AIR_2,17,1,2,0,4,2,19,5,,,
1399,-47.32399,27.2001,-66.39224,28.260992,False,True,Action.LOOPING_ATTACK_MIDDLE,Action.DAMAGE_AIR_2,18,2,2,0,4,2,19,5,,,
1400,-47.32399,27.2001,-66.571655,28.43489,False,True,Action.LOOPING_ATTACK_MIDDLE,Action.DAMAGE_AIR_2,19,3,2,0,4,2,19,5,,,
1401,-47.32399,27.2001,-66.73718,28.329716,False,True,Action.LOOPING_ATTACK_MIDDLE,Action.DAMAGE_AIR_2,20,4,2,0,4,2,19,5,,,
1402,-47.32399,27.2001,-66.88882,27.945469,False,True,Action.LOOPING_ATTACK_MIDDLE,Action.DAMAGE_AIR_2,21,5,2,0,4,2,19,5,,,
1403,-47.32399,27.2001,-67.026566,27.28215,False,True,Action.LOOPING_ATTACK_MIDDLE,Action.DAMAGE_AIR_2,22,6,2,0,4,2,19,5,,,
1404,-47.32399,27.2001,-67.15042,26.33976,False,True,Action.LOOPING_ATTACK_MIDDLE,Action.DAMAGE_AIR_2,23,7,2,0,4,2,19,5,,,
1405,-47.32399,27.2001,-67.26039,25.118296,False,True,Action.LOOPING_ATTACK_MIDDLE,Action.DAMAGE_AIR_2,24,1,2,0,4,2,19,5,,,
1406,-47.32399,27.2001,-61.785393,22.793297,False,True,Action.LOOPING_ATTACK_MIDDLE,Action.DAMAGE_AIR_2,24,1,2,0,4,2,19,5,,,
1407,-47.32399,27.2001,-61.785393,22.793297,False,True,Action.LOOPING_ATTACK_MIDDLE,Action.DAMAGE_AIR_2,24,1,2,0,4,2,19,5,,,
1408,-47.32399,27.2001,-64.83599,23.267223,False,True,Action.LOOPING_ATTACK_MIDDLE,Action.DAMAGE_AIR_2,25,2,2,0,4,2,19,5,,,
1409,-47.32399,27.2001,-64.95263,23.460943,False,True,Action.LOOPING_ATTACK_MIDDLE,Action.DAMAGE_AIR_2,26,3,2,0,4,2,19,5,,,
1410,-47.32399,27.2001,-65.0603,23.374454,False,True,Action.LOOPING_ATTACK_MIDDLE,Action.DAMAGE_AIR_2,27,4,2,0,4,2,19,5,,,
1411,-47.32399,27.2001,-65.15902,23.00776,False,True,Action.LOOPING_ATTACK_MIDDLE,Action.DAMAGE_AIR_2,28,5,2,0,4,2,19,5,,,
1412,-47.32399,27.2001,-65.24878,22.360857,False,True,Action.LOOPING_ATTACK_MIDDLE,Action.DAMAGE_AIR_2,29,6,2,0,4,2,19,5,,,
1413,-47.32399,27.2001,-65.32958,21.433748,False,True,Action.LOOPING_ATTACK_MIDDLE,Action.DAMAGE_AIR_2,30,7,2,0,4,2,19,5,,,
1414,-47.32399,27.2001,-65.40143,20.22643,False,True,Action.LOOPING_ATTACK_MIDDLE,Action.DAMAGE_AIR_2,31,1,2,0,4,2,19,6,,,
1415,-47.32399,27.2001,-70.87643,22.55143,False,True,Action.LOOPING_ATTACK_MIDDLE,Action.DAMAGE_AIR_2,31,1,2,0,4,2,19,6,,,
1416,-47.32399,27.2001,-75.07642,18.351429,False,True,Action.LOOPING_ATTACK_MIDDLE,Action.DAMAGE_AIR_2,31,1,2,0,4,2,19,6,,,
1417,-47.32399,27.2001,-77.59239,16.872665,False,True,Action.LOOPING_ATTACK_MIDDLE,Action.DAMAGE_AIR_2,32,2,2,0,4,2,19,6,,,
1418,-47.32399,27.2001,-77.839386,17.029062,False,True,Action.LOOPING_ATTACK_MIDDLE,Action.DAMAGE_AIR_2,33,3,2,0,4,2,19,6,,,
1419,-47.32399,27.2001,-78.06741,16.908117,False,True,Action.LOOPING_ATTACK_MIDDLE,Action.DAMAGE_AIR_2,34,4,2,0,4,2,19,6,,,
1420,-47.32399,27.2001,-78.276474,16.50983,False,True,Action.LOOPING_ATTACK_MIDDLE,Action.DAMAGE_AIR_2,35,5,2,0,4,2,19,6,,,
1421,-47.32399,27.2001,-78.46656,15.834205,False,True,Action.LOOPING_ATTACK_MIDDLE,Action.DAMAGE_AIR_2,36,6,2,0,4,2,19,6,,,
1422,-47.32399,27.2001,-78.63768,14.881237,False,True,Action.LOOPING_ATTACK_MIDDLE,Action.DAMAGE_AIR_2,1,7,2,0,4,2,19,6,,,
1423,-47.32399,27.2001,-78.789825,13.650929,False,True,Action.LOOPING_ATTACK_MIDDLE,Action.DAMAGE_AIR_2,2,8,2,0,4,2,19,6,,,
1424,-47.32399,27.2001,-78.923004,12.143281,False,True,Action.LOOPING_ATTACK_MIDDLE,Action.DAMAGE_AIR_2,3,9,2,0,4,2,19,6,,,
1425,-47.32399,27.2001,-79.03721,10.358292,False,True,Action.LOOPING_ATTACK_MIDDLE,Action.DAMAGE_AIR_2,4,10,2,0,4,2,19,6,,,
1426,-47.32399,27.2001,-79.13245,10.595962,False,True,Action.LOOPING_ATTACK_END,Action.DOWN_B_STUN,1,1,2,0,4,2,19,6,,,
1427,-47.32399,27.2001,-79.20872,10.786291,False,True,Action.LOOPING_ATTACK_END,Action.DOWN_B_STUN,2,2,2,0,4,2,19,6,,,
1428,-47.32399,27.2001,-79.266014,10.92928,False,True,Action.LOOPING_ATTACK_END,Action.DOWN_B_STUN,3,3,2,0,4,2,19,6,,,
1429,-47.32399,27.2001,-79.304344,11.024928,False,False,Action.LOOPING_ATTACK_END,Action.MARTH_COUNTER,4,1,2,0,4,2,19,6,,,
1430,-47.32399,27.2001,-79.3237,11.046569,False,False,Action.LOOPING_ATTACK_END,Action.MARTH_COUNTER,5,2,2,0,4,2,19,6,,,
1431,-47.32399,27.2001,-79.32409,10.994203,False,False,Action.LOOPING_ATTACK_END,Action.MARTH_COUNTER,6,3,2,0,4,2,19,6,,,
1432,-47.32399,27.2001,-79.32409,10.914203,False,False,Action.LOOPING_ATTACK_END,Action.DOWN_B_AIR,7,1,2,0,4,2,19,6,,,
1433,-47.32399,27.2001,-79.32409,10.807536,False,True,Action.LOOPING_ATTACK_END,Action.MARTH_COUNTER,8,1,2,0,4,2,19,6,,,
1434,-47.32399,27.2001,-79.32409,10.674203,False,True,Action.LOOPING_ATTACK_END,Action.MARTH_COUNTER,9,2,2,0,4,2,19,6,,,
1435,-47.32399,27.2001,-79.32409,10.514203,False,True,Action.STANDING,Action.MARTH_COUNTER,1,3,2,0,4,2,19,6,,,
1436,-47.32399,27.2001,-79.32409,10.327537,False,False,Action.STANDING,Action.MARTH_COUNTER,2,1,2,0,4,2,19,6,,,
1437,-47.32399,27.2001,-79.32409,10.114203,False,False,Action.STANDING,Action.MARTH_COUNTER,3,2,2,0,4,2,19,6,,,
1438,-47.32399,27.2001,-79.32409,9.874204,False,False,Action.STANDING,Action.MARTH_COUNTER,4,3,2,0,4,2,19,6,,,
1439,-47.32399,27.2001,-79.32409,9.607537,False,True,Action.STANDING,Action.MARTH_COUNTER,5,1,2,0,4,2,19,6,,,
1440,-47.32399,27.2001,-79.32409,9.314204,False,True,Action.STANDING,Action.MARTH_COUNTER,6,2,2,0,4,2,19,6,,,
1441,-47.32399,27.2001,-79.32409,8.9942045,False,True,Action.STANDING,Action.MARTH_COUNTER,7,3,2,0,4,2,19,6,,,
1442,-47.32399,27.2001,-79.32409,8.647538,False,False,Action.STANDING,Action.MARTH_COUNTER,8,1,2,0,4,2,19,6,,,
1443,-47.32399,27.2001,-79.32409,8.274205,False,False,Action.STANDING,Action.MARTH_COUNTER,9,2,2,0,4,2,19,6,,,
1444,-47.32399,27.2001,-79.32409,7.874205,False,False,Action.STANDING,Action.MARTH_COUNTER,10,3,2,0,4,2,19,6,,,
1445,-47.32399,27.2001,-79.32409,7.4475384,False,False,Action.STANDING,Action.DOWN_B_AIR,11,1,2,0,4,2,19,6,,,
1446,-47.32399,27.2001,-79.32409,6.994205,False,False,Action.CROUCH_START,Action.DOWN_B_AIR,1,2,2,0,4,2,19,6,,,
1447,-47.32399,27.2001,-79.32409,6.514205,False,False,Action.CROUCH_START,Action.SHINE_RELEASE_AIR,2,1,2,0,4,2,19,6,,,
1448,-47.32399,27.2001,-79.32409,6.0075383,False,False,Action.CROUCH_START,Action.SHINE_RELEASE_AIR,3,2,2,0,4,2,19,6,,,
1449,-47.32399,26.5301,-79.32409,5.474205,False,False,Action.PLATFORM_DROP,Action.SHINE_RELEASE_AIR,0,3,1,0,4,2,19,6,,,
1450,-47.32399,25.6901,-79.32409,4.914205,False,False,Action.PLATFORM_DROP,Action.SHINE_RELEASE_AIR,1,4,1,0,4,2,19,6,,,
1451,-47.32399,24.6801,-79.32409,4.3275385,False,False,Action.PLATFORM_DROP,Action.SHINE_RELEASE_AIR,2,5,1,0,4,2,19,6,,,
1452,-47.32399,23.5001,-79.32409,3.7142053,False,False,Action.PLATFORM_DROP,Action.SHINE_RELEASE_AIR,3,6,1,0,4,2,19,6,,,
1453,-47.3936,22.150099,-79.32409,3.0742054,False,False,Action.PLATFORM_DROP,Action.SHINE_RELEASE_AIR,4,7,1,0,4,2,19,6,,,
1454,-47.532818,20.630098,-79.32409,2.407539,False,False,Action.PLATFORM_DROP,Action.SHINE_RELEASE_AIR,5,8,1,0,4,2,19,6,,,
1455,-47.741646,18.940098,-79.32409,1.7142057,False,False,Action.PLATFORM_DROP,Action.SHINE_RELEASE_AIR,6,9,1,0,4,2,19,6,,,
1456,-48.020084,17.080097,-79.32409,0.9942059,False,False,Action.PLATFORM_DROP,Action.SHINE_RELEASE_AIR,7,10,1,0,4,2,19,6,,,
1457,-48.36813,15.050097,-79.32409,0.2475394,False,False,Action.PLATFORM_DROP,Action.SHINE_RELEASE_AIR,8,11,1,0,4,2,19,6,,,
1458,-48.785786,12.850098,-79.32409,-0.52579373,False,False,Action.PLATFORM_DROP,Action.SHINE_RELEASE_AIR,9,12,1,0,4,2,19,6,,,
1459,-49.273052,10.480098,-79.32409,-1.3257935,False,False,Action.PLATFORM_DROP,Action.SHINE_RELEASE_AIR,10,13,1,0,4,2,19,6,,,
1460,-49.829926,7.940098,-79.32409,-2.1524599,False,False,Action.PLATFORM_DROP,Action.SHINE_RELEASE_AIR,11,14,1,0,4,2,19,6,,,
1461,-50.45641,5.230098,-79.32409,-3.0057929,False,False,Action.PLATFORM_DROP,Action.SHINE_RELEASE_AIR,12,15,1,0,4,2,19,6,,,
1462,-51.152504,2.3500977,-79.32409,-3.8857925,False,False,Action.PLATFORM_DROP,Action.SHINE_RELEASE_AIR,13,16,1,0,4,2,19,6,,,
1463,-51.918205,-0.69990253,-79.32409,-4.792459,False,False,Action.PLATFORM_DROP,Action.SHINE_RELEASE_AIR,14,17,1,0,4,2,19,6,,,
1464,-52.741722,-3.7999024,-79.32409,-5.725792,False,False,Action.PLATFORM_DROP,Action.SHINE_RELEASE_AIR,15,18,1,0,4,2,19,6,,,
1465,-53.56524,0.0001001358,-79.32409,-5.725792,False,False,Action.LANDING,Action.SWORD_DANCE_3_LOW,1,1,2,0,4,2,19,6,,,
1466,-54.308754,1e-04,-79.32409,-5.725792,False,False,Action.LANDING,Action.SWORD_DANCE_3_LOW,2,2,2,0,4,2,19,6,,,
1467,-54.97227,1e-04,-79.32409,-5.725792,False,False,Action.LANDING,Action.SWORD_DANCE_3_LOW,3,3,2,0,4,2,19,6,,,
1468,-55.555786,1e-04,-79.32409,-5.725792,False,False,Action.LANDING,Action.SWORD_DANCE_3_LOW,4,4,2,0,4,2,19,6,,,
1469,-56.059303,1e-04,-79.32409,-5.725792,False,False,Action.LANDING,Action.SWORD_DANCE_3_LOW,5,5,2,0,4,2,19,6,,,
1470,-56.48282,1e-04,-79.32409,-5.725792,False,False,Action.LANDING,Action.SWORD_DANCE_3_LOW,6,6,2,0,4,2,19,6,,,
1471,-56.826336,1e-04,-79.32409,-5.725792,False,False,Action.LANDING,Action.SWORD_DANCE_3_LOW,7,7,2,0,4,2,19,6,,,
1472,-57.08985,1e-04,-79.32409,-5.725792,False,False,Action.LANDING,Action.SWORD_DANCE_3_LOW,8,8,2,0,4,2,19,6,,,
1473,-57.27337,1e-04,-79.32409,-5.725792,False,False,Action.LANDING,Action.SWORD_DANCE_3_LOW,9,9,2,0,4,2,19,6,,,
1474,-57.376884,1e-04,-79.32409,-5.725792,False,False,Action.LANDING,Action.SWORD_DANCE_3_LOW,10,10,2,0,4,2,19,6,,,
1475,-57.400402,1e-04,-79.32409,-5.725792,False,False,Action.LANDING,Action.SWORD_DANCE_3_LOW,11,11,2,0,4,2,19,6,,,
1476,-57.400402,1e-04,-79.32409,-5.725792,False,False,Action.LANDING,Action.SWORD_DANCE_3_LOW,12,12,2,0,4,2,19,6,,,
1477,-57.400402,1e-04,-79.32409,-5.725792,False,False,Action.LANDING,Action.SWORD_DANCE_3_LOW,13,13,2,0,4,2,19,6,,,
1478,-57.400402,1e-04,-79.32409,-5.725792,False,False,Action.LANDING,Action.SWORD_DANCE_3_LOW,14,14,2,0,4,2,19,6,,,
1479,-57.400402,1e-04,-79.32409,-5.725792,False,False,Action.LANDING,Action.SWORD_DANCE_3_LOW,15,15,2,0,4,2,19,6,,,
1480,-57.400402,1e-04,-79.32409,-5.740792,False,False,Action.LANDING,Action.SWORD_DANCE_3_LOW,16,16,2,0,4,2,19,6,,,
1481,-57.400402,1e-04,-79.32409,-5.770792,False,False,Action.LANDING,Action.SWORD_DANCE_3_LOW,17,17,2,0,4,2,19,6,,,
1482,-57.400402,1e-04,-79.32409,-5.815792,False,False,Action.LANDING,Action.SWORD_DANCE_3_LOW,18,18,2,0,4,2,19,6,,,
1483,-57.400402,1e-04,-79.32409,-5.875792,False,False,Action.LANDING,Action.SWORD_DANCE_3_LOW,19,19,2,0,4,2,19,6,,,
1484,-57.400402,1e-04,-79.32409,-5.950792,False,False,Action.LANDING,Action.SWORD_DANCE_3_LOW,20,20,2,0,4,2,19,6,,,
1485,-57.400402,1e-04,-79.32409,-6.040792,False,False,Action.LANDING,Action.SWORD_DANCE_3_LOW,21,21,2,0,4,2,19,6,,,
1486,-57.400402,1e-04,-79.32409,-6.145792,False,False,Action.LANDING,Action.SWORD_DANCE_3_LOW,22,22,2,0,4,2,19,6,,,
1487,-57.400402,1e-04,-79.32409,-6.265792,False,False,Action.LANDING,Action.SWORD_DANCE_3_LOW,23,23,2,0,4,2,19,6,,,
1488,-57.400402,1e-04,-79.32409,-6.400792,False,False,Action.LANDING,Action.SWORD_DANCE_3_LOW,24,24,2,0,4,2,19,6,,,
1489,-57.400402,1e-04,-79.32409,-6.550792,False,False,Action.LANDING,Action.SWORD_DANCE_3_LOW,25,25,2,0,4,2,19,6,,,
1490,-57.400402,1e-04,-79.32409,-6.715792,False,False,Action.LANDING,Action.SWORD_DANCE_3_LOW,26,26,2,0,4,2,19,6,,,
1491,-57.400402,1e-04,-79.32409,-6.895792,False,False,Action.LANDING,Action.SWORD_DANCE_3_LOW,27,27,2,0,4,2,19,6,,,
1492,-57.400402,1e-04,-79.32409,-7.090792,False,False,Action.LANDING,Action.SWORD_DANCE_3_LOW,28,28,2,0,4,2,19,6,,,
1493,-57.400402,1e-04,-79.32409,-7.300792,False,False,Action.LANDING,Action.SWORD_DANCE_3_LOW,29,29,2,0,4,2,19,6,,,
1494,-57.400402,1e-04,-79.32409,-7.525792,False,False,Action.LANDING,Action.SWORD_DANCE_3_LOW,30,30,2,0,4,2,19,6,,,
1495,-57.400402,1e-04,-79.32409,-7.765792,False,False,Action.STANDING,Action.SWORD_DANCE_3_LOW,1,31,2,0,4,2,19,6,,,
1496,-57.400402,1e-04,-79.32409,-8.020792,False,False,Action.STANDING,Action.SWORD_DANCE_3_LOW,2,32,2,0,4,2,19,6,,,
1497,-57.400402,1e-04,-79.32409,-8.290792,False,False,Action.STANDING,Action.SWORD_DANCE_3_LOW,3,33,2,0,4,2,19,6,,,
1498,-57.400402,1e-04,-79.32409,-8.575792,False,False,Action.STANDING,Action.SWORD_DANCE_3_LOW,4,34,2,0,4,2,19,6,,,
1499,-57.400402,1e-04,-79.32409,-8.8757925,False,False,Action.STANDING,Action.SWORD_DANCE_3_LOW,5,35,2,0,4,2,19,6,,,
1500,-57.400402,1e-04,-79.32409,-9.190792,False,False,Action.STANDING,Action.SWORD_DANCE_3_LOW,6,36,2,0,4,2,19,6,,,
1501,-57.40046,1e-04,-79.32409,-9.520792,False,False,Action.FSMASH_MID,Action.SWORD_DANCE_3_LOW,1,37,2,0,4,2,19,6,,,
1502,-57.4006,1e-04,-79.32409,-9.865792,False,False,Action.FSMASH_MID,Action.SWORD_DANCE_3_LOW,2,38,2,0,4,2,19,6,,,
1503,-57.400776,1e-04,-79.32409,-10.225792,False,False,Action.FSMASH_MID,Action.SWORD_DANCE_3_LOW,3,39,2,0,4,2,19,6,,,
1504,-57.400936,1e-04,-79.32409,-10.600792,False,False,Action.FSMASH_MID,Action.SWORD_DANCE_3_LOW,4,40,2,0,4,2,19,6,,,
1505,-57.401028,1e-04,-79.32409,-10.990791,False,False,Action.FSMASH_MID,Action.SWORD_DANCE_3_LOW,5,41,2,0,4,2,19,6,,,
1506,-57.401,1e-04,-79.32409,-11.395791,False,False,Action.FSMASH_MID,Action.SWORD_DANCE_3_LOW,6,42,2,0,4,2,19,6,,,
1507,-57.400806,1e-04,-82.52212,-13.4482565,False,False,Action.FSMASH_MID,Action.SWORD_DANCE_4_MID,7,1,2,0,4,2,19,6,,,
1508,-57.400394,1e-04,-85.720146,-15.500722,False,False,Action.FSMASH_MID,Action.SWORD_DANCE_4_MID,8,2,2,0,4,2,19,6,,,
1509,-58.938766,1e-04,-88.918175,-17.553188,False,False,Action.FSMASH_MID,Action.SWORD_DANCE_4_MID,9,3,2,0,4,2,19,6,,,
1510,-60.47714,1e-04,-92.1162,-19.605654,False,False,Action.FSMASH_MID,Action.SWORD_DANCE_4_MID,10,4,2,0,4,2,19,6,,,
1511,-62.01551,1e-04,-95.31423,-21.65812,False,False,Action.FSMASH_MID,Action.SWORD_DANCE_4_MID,11,5,2,0,4,2,19,6,,,
1512,-63.553883,1e-04,-98.4281,-23.656572,False,False,Action.FSMASH_MID,Action.SWORD_DANCE_4_MID,12,6,2,0,4,2,19,6,,,
1513,-65.092255,1e-04,-101.45781,-25.601013,False,False,Action.FSMASH_MID,Action.SWORD_DANCE_4_MID,13,7,2,0,4,2,19,6,,,
1514,-66.63062,1e-04,-104.40336,-27.491442,False,False,Action.FSMASH_MID,Action.SWORD_DANCE_4_MID,14,8,2,0,4,2,19,6,,,
1515,-67.772484,1e-04,-107.264755,-29.327858,False,False,Action.FSMASH_MID,Action.SWORD_DANCE_4_MID,15,9,2,0,4,2,19,6,,,
1516,-68.4,0.0,-110.04199,-31.110262,False,False,Action.FSMASH_MID,Action.SWORD_DANCE_4_MID,16,10,2,0,4,2,19,6,,,
1517,-68.4,0.0,-112.73507,-32.838654,False,False,Action.FSMASH_MID,Action.SWORD_DANCE_4_MID,17,11,2,0,4,2,19,6,,,
1518,-68.4,0.0,-115.34399,-34.513035,False,False,Action.FSMASH_MID,Action.SWORD_DANCE_4_MID,18,12,2,0,4,2,19,6,,,
1519,-68.4,0.0,-117.868744,-36.133404,False,False,Action.FSMASH_MID,Action.SWORD_DANCE_4_MID,19,13,2,0,4,2,19,6,,,
1520,-68.4,0.0,-120.30934,-37.69976,False,False,Action.FSMASH_MID,Action.SWORD_DANCE_4_MID,20,14,2,0,4,2,19,6,,,
1521,-68.4,0.0,-122.66579,-39.212105,False,False,Action.FSMASH_MID,Action.SWORD_DANCE_4_MID,21,15,2,0,4,2,19,6,,,
1522,-68.4,0.0,-124.93807,-40.670437,False,False,Action.FSMASH_MID,Action.SWORD_DANCE_4_MID,22,16,2,0,4,2,19,6,,,
1523,-68.4,0.0,-127.1262,-42.074757,False,False,Action.FSMASH_MID,Action.SWORD_DANCE_4_MID,23,17,2,0,4,2,19,6,,,
1524,-68.4,0.0,-129.23016,-43.425064,False,False,Action.FSMASH_MID,Action.SWORD_DANCE_4_MID,24,18,2,0,4,2,19,6,,,
1525,-68.4,0.0,-131.24997,-44.72136,False,False,Action.FSMASH_MID,Action.SWORD_DANCE_4_MID,25,19,2,0,4,2,19,6,,,
1526,-68.4,0.0,-133.18562,-45.963642,False,False,Action.FSMASH_MID,Action.SWORD_DANCE_4_MID,26,20,2,0,4,2,19,6,,,
1527,-68.4,0.0,-135.03711,-47.151913,False,False,Action.FSMASH_MID,Action.SWORD_DANCE_4_MID,27,21,2,0,4,2,19,6,,,
1528,-68.4,0.0,-136.80444,-48.28617,False,False,Action.FSMASH_MID,Action.SWORD_DANCE_4_MID,28,22,2,0,4,2,19,6,,,
1529,-68.4,0.0,-138.48761,-49.366417,False,False,Action.FSMASH_MID,Action.SWORD_DANCE_4_MID,29,23,2,0,4,2,19,6,,,
1530,-68.4,0.0,-140.08662,-50.39265,False,False,Action.FSMASH_MID,Action.SWORD_DANCE_4_MID,30,24,2,0,4,2,19,6,,,
1531,-68.4,1e-04,-141.60149,-51.364872,False,False,Action.FSMASH_MID,Action.SWORD_DANCE_4_MID,31,25,2,0,4,2,19,6,,,
1532,-68.4,1e-04,-143.03218,-52.28308,False,False,Action.FSMASH_MID,Action.SWORD_DANCE_4_MID,32,26,2,0,4,2,19,6,,,
1533,-68.4,1e-04,-144.37872,-53.147278,False,False,Action.FSMASH_MID,Action.SWORD_DANCE_4_MID,33,27,2,0,4,2,19,6,,,
1534,-68.4,1e-04,-145.6411,-53.957462,False,False,Action.FSMASH_MID,Action.SWORD_DANCE_4_MID,34,28,2,0,4,2,19,6,,,
1535,-68.4,1e-04,-146.81932,-54.713634,False,False,Action.FSMASH_MID,Action.SWORD_DANCE_4_MID,35,29,2,0,4,2,19,6,,,
1536,-68.4,1e-04,-147.91338,-55.415794,False,False,Action.FSMASH_MID,Action.SWORD_DANCE_4_MID,36,30,2,0,4,2,19,6,,,
1537,-68.4,1e-04,-148.98744,-56.347954,False,False,Action.FSMASH_MID,Action.SWORD_DANCE_1_AIR,37,1,2,0,4,2,19,6,,,
1538,-68.4,1e-04,-149.98676,-57.510113,False,False,Action.FSMASH_MID,Action.SWORD_DANCE_1_AIR,38,2,2,0,4,2,19,6,,,
1539,-68.4,1e-04,-150.96606,-60.910114,False,False,Action.FSMASH_MID,Action.SWORD_DANCE_1_AIR,39,3,2,0,4,2,19,6,,,
1540,-68.4,1e-04,-151.87663,-64.31011,False,False,Action.STANDING,Action.SWORD_DANCE_1_AIR,1,4,2,0,4,2,19,6,,,
1541,-68.4,1e-04,-152.7672,-67.71011,False,False,Action.STANDING,Action.SWORD_DANCE_1_AIR,2,5,2,0,4,2,19,6,,,
1542,-68.4,1e-04,-153.63776,-71.110115,False,False,Action.STANDING,Action.SWORD_DANCE_1_AIR,3,6,2,0,4,2,19,6,,,
1543,-68.4,1e-04,-154.48831,-74.51012,False,False,Action.STANDING,Action.SWORD_DANCE_1_AIR,4,7,2,0,4,2,19,6,,,
1544,-68.4,1e-04,-155.27687,-77.91012,False,False,Action.STANDING,Action.SWORD_DANCE_1_AIR,5,8,2,0,4,2,19,6,,,
1545,-68.4,1e-04,-155.99068,-81.31012,False,False,Action.STANDING,Action.SWORD_DANCE_1_AIR,6,9,2,0,4,2,19,6,,,
1546,-68.4,1e-04,-156.78224,-84.71012,False,False,Action.STANDING,Action.SWORD_DANCE_1_AIR,7,10,2,0,4,2,19,6,,,
1547,-68.4,1e-04,-157.5538,-88.11012,False,False,Action.STANDING,Action.SWORD_DANCE_1_AIR,8,11,2,0,4,2,19,6,,,
1548,-68.4,1e-04,-158.30536,-91.510124,False,False,Action.STANDING,Action.SWORD_DANCE_1_AIR,9,12,2,0,4,2,19,6,,,
1549,-68.4,1e-04,-158.99042,-94.910126,False,False,Action.STANDING,Action.SWORD_DANCE_1_AIR,10,13,2,0,4,2,19,6,,,
1550,-68.4,1e-04,-159.65549,-98.31013,False,False,Action.STANDING,Action.SWORD_DANCE_1_AIR,11,14,2,0,4,2,19,6,,,
1551,-68.4,1e-04,-160.38174,-101.71013,False,False,Action.STANDING,Action.SWORD_DANCE_1_AIR,12,15,2,0,4,2,19,6,,,
1552,-68.4,1e-04,-161.088,-105.11013,False,False,Action.STANDING,Action.SWORD_DANCE_1_AIR,13,16,2,0,4,2,19,6,,,
1553,-68.4,1e-04,-161.77425,-108.51013,False,False,Action.STANDING,Action.SWORD_DANCE_1_AIR,14,17,2,0,4,2,19,6,,,
1554,-68.4,1e-04,-162.539,-111.91013,False,False,Action.STANDING,Action.DEAD_DOWN,15,-1,2,0,4,1,19,6,,,
1555,-68.4,1e-04,-162.539,-111.91013,False,False,Action.STANDING,Action.DEAD_DOWN,16,-1,2,0,4,1,19,6,,,
1556,-68.4,1e-04,-162.539,-111.91013,False,False,Action.TAUNT_RIGHT,Action.DEAD_DOWN,1,-1,2,0,4,1,19,6,,,
1557,-68.4,1e-04,-162.539,-111.91013,False,False,Action.TAUNT_RIGHT,Action.DEAD_DOWN,2,-1,2,0,4,1,19,6,,,
1558,-68.4,1e-04,-162.539,-111.91013,False,False,Action.TAUNT_RIGHT,Action.DEAD_DOWN,3,-1,2,0,4,1,19,6,,,
1559,-68.4,1e-04,-162.539,-111.91013,False,False,Action.TAUNT_RIGHT,Action.DEAD_DOWN,4,-1,2,0,4,1,19,6,,,
1560,-68.4,1e-04,-162.539,-111.91013,False,False,Action.TAUNT_RIGHT,Action.DEAD_DOWN,5,-1,2,0,4,1,19,6,,,
1561,-68.4,1e-04,-162.539,-111.91013,False,False,Action.TAUNT_RIGHT,Action.DEAD_DOWN,6,-1,2,0,4,1,19,6,,,
1562,-68.4,1e-04,-162.539,-111.91013,False,False,Action.TAUNT_RIGHT,Action.DEAD_DOWN,7,-1,2,0,4,1,19,6,,,
1563,-68.4,1e-04,-162.539,-111.91013,False,False,Action.TAUNT_RIGHT,Action.DEAD_DOWN,8,-1,2,0,4,1,19,6,,,
1564,-68.4,1e-04,-162.539,-111.91013,False,False,Action.TAUNT_RIGHT,Action.DEAD_DOWN,9,-1,2,0,4,1,19,6,,,
1565,-68.4,1e-04,-162.539,-111.91013,False,False,Action.TAUNT_RIGHT,Action.DEAD_DOWN,10,-1,2,0,4,1,19,6,,,
1566,-68.4,1e-04,-162.539,-111.91013,False,False,Action.TAUNT_RIGHT,Action.DEAD_DOWN,11,-1,2,0,4,1,19,6,,,
1567,-68.4,1e-04,-162.539,-111.91013,False,False,Action.TAUNT_RIGHT,Action.DEAD_DOWN,12,-1,2,0,4,1,19,6,,,
1568,-68.4,1e-04,-162.539,-111.91013,False,False,Action.TAUNT_RIGHT,Action.DEAD_DOWN,13,-1,2,0,4,1,19,6,,,
1569,-68.4,1e-04,-162.539,-111.91013,False,False,Action.TAUNT_RIGHT,Action.DEAD_DOWN,14,-1,2,0,4,1,19,6,,,
1570,-68.4,1e-04,-162.539,-111.91013,False,False,Action.TAUNT_RIGHT,Action.DEAD_DOWN,15,-1,2,0,4,1,19,6,,,
1571,-68.4,1e-04,-162.539,-111.91013,False,False,Action.TAUNT_RIGHT,Action.DEAD_DOWN,16,-1,2,0,4,1,19,6,,,
1572,-68.4,1e-04,-162.539,-111.91013,False,False,Action.TAUNT_RIGHT,Action.DEAD_DOWN,17,-1,2,0,4,1,19,6,,,
1573,-68.4,1e-04,-162.539,-111.91013,False,False,Action.TAUNT_RIGHT,Action.DEAD_DOWN,18,-1,2,0,4,1,19,6,,,
1574,-68.4,1e-04,-162.539,-111.91013,False,False,Action.TAUNT_RIGHT,Action.DEAD_DOWN,19,-1,2,0,4,1,19,6,,,
1575,-68.4,1e-04,-162.539,-111.91013,False,False,Action.TAUNT_RIGHT,Action.DEAD_DOWN,20,-1,2,0,4,1,19,6,,,
1576,-68.4,1e-04,-162.539,-111.91013,False,False,Action.TAUNT_RIGHT,Action.DEAD_DOWN,21,-1,2,0,4,1,19,6,,,
1577,-68.4,1e-04,-162.539,-111.91013,False,False,Action.TAUNT_RIGHT,Action.DEAD_DOWN,22,-1,2,0,4,1,19,6,,,
1578,-68.4,1e-04,-162.539,-111.91013,False,False,Action.TAUNT_RIGHT,Action.DEAD_DOWN,23,-1,2,0,4,1,19,6,,,
1579,-68.4,1e-04,-162.539,-111.91013,False,False,Action.TAUNT_RIGHT,Action.DEAD_DOWN,24,-1,2,0,4,1,19,6,,,
1580,-68.4,1e-04,-162.539,-111.91013,False,False,Action.TAUNT_RIGHT,Action.DEAD_DOWN,25,-1,2,0,4,1,19,6,,,
1581,-68.4,1e-04,-162.539,-111.91013,False,False,Action.TAUNT_RIGHT,Action.DEAD_DOWN,26,-1,2,0,4,1,19,6,,,
1582,-68.4,1e-04,-162.539,-111.91013,False,False,Action.TAUNT_RIGHT,Action.DEAD_DOWN,27,-1,2,0,4,1,19,6,,,
1583,-68.4,1e-04,-162.539,-111.91013,False,False,Action.TAUNT_RIGHT,Action.DEAD_DOWN,28,-1,2,0,4,1,19,6,,,
1584,-68.4,1e-04,-162.539,-111.91013,False,False,Action.TAUNT_RIGHT,Action.DEAD_DOWN,29,-1,2,0,4,1,19,6,,,
1585,-68.4,1e-04,-162.539,-111.91013,False,False,Action.TAUNT_RIGHT,Action.DEAD_DOWN,30,-1,2,0,4,1,19,6,,,
1586,-68.4,1e-04,-162.539,-111.91013,False,False,Action.TAUNT_RIGHT,Action.DEAD_DOWN,31,-1,2,0,4,1,19,6,,,
1587,-68.4,1e-04,-162.539,-111.91013,False,False,Action.TAUNT_RIGHT,Action.DEAD_DOWN,32,-1,2,0,4,1,19,6,,,
1588,-68.4,1e-04,-162.539,-111.91013,False,False,Action.TAUNT_RIGHT,Action.DEAD_DOWN,33,-1,2,0,4,1,19,6,,,
1589,-68.4,1e-04,-162.539,-111.91013,False,False,Action.TAUNT_RIGHT,Action.DEAD_DOWN,34,-1,2,0,4,1,19,6,,,
1590,-68.4,1e-04,-162.539,-111.91013,False,False,Action.TAUNT_RIGHT,Action.DEAD_DOWN,35,-1,2,0,4,1,19,6,,,
1591,-68.4,1e-04,-162.539,-111.91013,False,False,Action.TAUNT_RIGHT,Action.DEAD_DOWN,36,-1,2,0,4,1,19,6,,,
1592,-68.4,1e-04,-162.539,-111.91013,False,False,Action.TAUNT_RIGHT,Action.DEAD_DOWN,37,-1,2,0,4,1,19,6,,,
1593,-68.4,1e-04,-162.539,-111.91013,False,False,Action.TAUNT_RIGHT,Action.DEAD_DOWN,38,-1,2,0,4,1,19,6,,,
1594,-68.4,1e-04,-162.539,-111.91013,False,False,Action.TAUNT_RIGHT,Action.DEAD_DOWN,39,-1,2,0,4,1,19,6,,,
1595,-68.4,1e-04,-162.539,-111.91013,False,False,Action.TAUNT_RIGHT,Action.DEAD_DOWN,40,-1,2,0,4,1,19,6,,,
1596,-68.4,1e-04,-162.539,-111.91013,False,False,Action.TAUNT_RIGHT,Action.DEAD_DOWN,41,-1,2,0,4,1,19,6,,,
1597,-68.4,1e-04,-162.539,-111.91013,False,False,Action.TAUNT_RIGHT,Action.DEAD_DOWN,42,-1,2,0,4,1,19,6,,,
1598,-68.4,1e-04,-162.539,-111.91013,False,False,Action.TAUNT_RIGHT,Action.DEAD_DOWN,43,-1,2,0,4,1,19,6,,,
1599,-68.4,1e-04,-162.539,-111.91013,False,False,Action.TAUNT_RIGHT,Action.DEAD_DOWN,44,-1,2,0,4,1,19,6,,,
1600,-68.4,1e-04,-162.539,-111.91013,False,False,Action.TAUNT_RIGHT,Action.DEAD_DOWN,45,-1,2,0,4,1,19,6,,,
1601,-68.4,1e-04,-162.539,-111.91013,False,False,Action.TAUNT_RIGHT,Action.DEAD_DOWN,46,-1,2,0,4,1,19,6,,,
1602,-68.4,1e-04,-162.539,-111.91013,False,False,Action.TAUNT_RIGHT,Action.DEAD_DOWN,47,-1,2,0,4,1,19,6,,,
1603,-68.4,1e-04,-162.539,-111.91013,False,False,Action.TAUNT_RIGHT,Action.DEAD_DOWN,48,-1,2,0,4,1,19,6,,,
1604,-68.4,1e-04,-162.539,-111.91013,False,False,Action.TAUNT_RIGHT,Action.DEAD_DOWN,49,-1,2,0,4,1,19,6,,,
1605,-68.4,1e-04,-162.539,-111.91013,False,False,Action.TAUNT_RIGHT,Action.DEAD_DOWN,50,-1,2,0,4,1,19,6,,,
1606,-68.4,1e-04,-162.539,-111.91013,False,False,Action.TAUNT_RIGHT,Action.DEAD_DOWN,51,-1,2,0,4,1,19,6,,,
1607,-68.4,1e-04,-162.539,-111.91013,False,False,Action.TAUNT_RIGHT,Action.DEAD_DOWN,52,-1,2,0,4,1,19,6,,,
1608,-68.4,1e-04,-162.539,-111.91013,False,False,Action.TAUNT_RIGHT,Action.DEAD_DOWN,53,-1,2,0,4,1,19,6,,,
1609,-68.4,1e-04,-162.539,-111.91013,False,False,Action.TAUNT_RIGHT,Action.DEAD_DOWN,54,-1,2,0,4,1,19,6,,,
1610,-68.4,1e-04,-162.539,-111.91013,False,False,Action.TAUNT_RIGHT,Action.DEAD_DOWN,55,-1,2,0,4,1,19,6,,,
1611,-68.4,1e-04,-162.539,-111.91013,False,False,Action.TAUNT_RIGHT,Action.DEAD_DOWN,56,-1,2,0,4,1,19,6,,,
1612,-68.4,1e-04,-162.539,-111.91013,False,False,Action.TAUNT_RIGHT,Action.DEAD_DOWN,57,-1,2,0,4,1,19,6,,,
1613,-68.4,1e-04,-162.539,-111.91013,False,False,Action.TAUNT_RIGHT,Action.DEAD_DOWN,58,-1,2,0,4,1,19,6,,,
1614,-68.4,1e-04,12.8,135.06665,False,False,Action.TAUNT_RIGHT,Action.ON_HALO_DESCENT,59,1,2,1,4,1,19,0,,,
1615,-68.4,1e-04,12.8,134.13332,False,False,Action.TAUNT_RIGHT,Action.ON_HALO_DESCENT,60,2,2,1,4,1,19,0,,,
1616,-68.4,1e-04,12.8,133.19998,False,False,Action.TAUNT_RIGHT,Action.ON_HALO_DESCENT,61,3,2,1,4,1,19,0,,,
1617,-68.4,1e-04,12.8,132.26665,False,False,Action.TAUNT_RIGHT,Action.ON_HALO_DESCENT,62,4,2,1,4,1,19,0,,,
1618,-68.4,1e-04,12.8,131.33331,False,False,Action.TAUNT_RIGHT,Action.ON_HALO_DESCENT,63,5,2,1,4,1,19,0,,,
1619,-68.4,1e-04,12.8,130.39998,False,False,Action.TAUNT_RIGHT,Action.ON_HALO_DESCENT,64,6,2,1,4,1,19,0,,,
1620,-68.4,1e-04,12.8,129.46664,False,False,Action.TAUNT_RIGHT,Action.ON_HALO_DESCENT,65,7,2,1,4,1,19,0,,,
1621,-68.4,1e-04,12.8,128.53331,False,False,Action.TAUNT_RIGHT,Action.ON_HALO_DESCENT,66,8,2,1,4,1,19,0,,,
1622,-68.4,1e-04,12.8,127.599976,False,False,Action.TAUNT_RIGHT,Action.ON_HALO_DESCENT,67,9,2,1,4,1,19,0,,,
1623,-68.4,1e-04,12.8,126.66664,False,False,Action.TAUNT_RIGHT,Action.ON_HALO_DESCENT,68,10,2,1,4,1,19,0,,,
1624,-68.4,1e-04,12.8,125.73331,False,False,Action.TAUNT_RIGHT,Action.ON_HALO_DESCENT,69,11,2,1,4,1,19,0,,,
1625,-68.4,1e-04,12.8,124.79997,False,False,Action.TAUNT_RIGHT,Action.ON_HALO_DESCENT,70,12,2,1,4,1,19,0,,,
1626,-68.4,1e-04,12.8,123.86664,False,False,Action.TAUNT_RIGHT,Action.ON_HALO_DESCENT,71,13,2,1,4,1,19,0,,,
1627,-68.4,1e-04,12.8,122.933304,False,False,Action.TAUNT_RIGHT,Action.ON_HALO_DESCENT,72,14,2,1,4,1,19,0,,,
1628,-68.4,1e-04,12.8,121.99997,False,False,Action.TAUNT_RIGHT,Action.ON_HALO_DESCENT,73,15,2,1,4,1,19,0,,,
1629,-68.4,1e-04,12.8,121.066635,False,False,Action.TAUNT_RIGHT,Action.ON_HALO_DESCENT,74,16,2,1,4,1,19,0,,,
1630,-68.4,1e-04,12.8,120.1333,False,False,Action.TAUNT_RIGHT,Action.ON_HALO_DESCENT,75,17,2,1,4,1,19,0,,,
1631,-68.4,1e-04,12.8,119.19997,False,False,Action.TAUNT_RIGHT,Action.ON_HALO_DESCENT,76,18,2,1,4,1,19,0,,,
1632,-68.4,1e-04,12.8,118.26663,False,False,Action.TAUNT_RIGHT,Action.ON_HALO_DESCENT,77,19,2,1,4,1,19,0,,,
1633,-68.4,1e-04,12.8,117.3333,False,False,Action.TAUNT_RIGHT,Action.ON_HALO_DESCENT,78,20,2,1,4,1,19,0,,,
1634,-68.4,1e-04,12.8,116.39996,False,False,Action.TAUNT_RIGHT,Action.ON_HALO_DESCENT,79,21,2,1,4,1,19,0,,,
1635,-68.4,1e-04,12.8,115.46663,False,False,Action.TAUNT_RIGHT,Action.ON_HALO_DESCENT,80,22,2,1,4,1,19,0,,,
1636,-68.4,1e-04,12.8,114.533295,False,False,Action.TAUNT_RIGHT,Action.ON_HALO_DESCENT,81,23,2,1,4,1,19,0,,,
1637,-68.4,1e-04,12.8,113.59996,False,False,Action.TAUNT_RIGHT,Action.ON_HALO_DESCENT,82,24,2,1,4,1,19,0,,,
1638,-68.4,1e-04,12.8,112.666626,False,False,Action.TAUNT_RIGHT,Action.ON_HALO_DESCENT,83,25,2,1,4,1,19,0,,,
1639,-68.4,1e-04,12.8,111.73329,False,False,Action.TAUNT_RIGHT,Action.ON_HALO_DESCENT,84,26,2,1,4,1,19,0,,,
1640,-68.4,1e-04,12.8,110.79996,False,False,Action.TAUNT_RIGHT,Action.ON_HALO_DESCENT,85,27,2,1,4,1,19,0,,,
1641,-68.4,1e-04,12.8,109.86662,False,False,Action.TAUNT_RIGHT,Action.ON_HALO_DESCENT,86,28,2,1,4,1,19,0,,,
1642,-68.4,1e-04,12.8,108.93329,False,False,Action.TAUNT_RIGHT,Action.ON_HALO_DESCENT,87,29,2,1,4,1,19,0,,,
1643,-68.4,1e-04,12.8,107.999954,False,False,Action.TAUNT_RIGHT,Action.ON_HALO_DESCENT,88,30,2,1,4,1,19,0,,,
1644,-68.4,1e-04,12.8,107.06662,False,False,Action.TAUNT_RIGHT,Action.ON_HALO_DESCENT,89,31,2,1,4,1,19,0,,,
1645,-68.4,1e-04,12.8,106.133286,False,False,Action.TAUNT_RIGHT,Action.ON_HALO_DESCENT,90,32,2,1,4,1,19,0,,,
1646,-68.4,1e-04,12.8,105.19995,False,False,Action.TAUNT_RIGHT,Action.ON_HALO_DESCENT,91,33,2,1,4,1,19,0,,,
1647,-68.4,1e-04,12.8,104.26662,False,False,Action.TAUNT_RIGHT,Action.ON_HALO_DESCENT,92,34,2,1,4,1,19,0,,,
1648,-68.4,1e-04,12.8,103.33328,False,False,Action.TAUNT_RIGHT,Action.ON_HALO_DESCENT,93,35,2,1,4,1,19,0,,,
1649,-68.4,1e-04,12.8,102.39995,False,False,Action.TAUNT_RIGHT,Action.ON_HALO_DESCENT,94,36,2,1,4,1,19,0,,,
1650,-68.4,1e-04,12.8,101.46661,False,False,Action.TAUNT_RIGHT,Action.ON_HALO_DESCENT,95,37,2,1,4,1,19,0,,,
1651,-68.4,1e-04,12.8,100.53328,False,False,Action.TAUNT_RIGHT,Action.ON_HALO_DESCENT,96,38,2,1,4,1,19,0,,,
1652,-68.4,1e-04,12.8,99.599945,False,False,Action.TAUNT_RIGHT,Action.ON_HALO_DESCENT,97,39,2,1,4,1,19,0,,,
1653,-68.4,1e-04,12.8,98.66661,False,False,Action.TAUNT_RIGHT,Action.ON_HALO_DESCENT,98,40,2,1,4,1,19,0,,,
1654,-68.4,1e-04,12.8,97.73328,False,False,Action.TAUNT_RIGHT,Action.ON_HALO_DESCENT,99,41,2,1,4,1,19,0,,,
1655,-68.4,1e-04,12.8,96.79995,False,False,Action.TAUNT_RIGHT,Action.ON_HALO_DESCENT,100,42,2,1,4,1,19,0,,,
1656,-68.4,1e-04,12.8,95.86662,False,False,Action.TAUNT_RIGHT,Action.ON_HALO_DESCENT,101,43,2,1,4,1,19,0,,,
1657,-68.4,1e-04,12.8,94.93329,False,False,Action.TAUNT_RIGHT,Action.ON_HALO_DESCENT,102,44,2,1,4,1,19,0,,,
1658,-68.4,1e-04,12.8,93.999954,False,False,Action.TAUNT_RIGHT,Action.ON_HALO_DESCENT,103,45,2,1,4,1,19,0,,,
1659,-68.4,1e-04,12.8,93.06663,False,False,Action.TAUNT_RIGHT,Action.ON_HALO_DESCENT,104,46,2,1,4,1,19,0,,,
1660,-68.4,1e-04,12.8,92.13329,False,False,Action.TAUNT_RIGHT,Action.ON_HALO_DESCENT,105,47,2,1,4,1,19,0,,,
1661,-68.4,1e-04,12.8,91.19997,False,False,Action.TAUNT_RIGHT,Action.ON_HALO_DESCENT,106,48,2,1,4,1,19,0,,,
1662,-68.4,1e-04,12.8,90.26663,False,False,Action.TAUNT_RIGHT,Action.ON_HALO_DESCENT,107,49,2,1,4,1,19,0,,,
1663,-68.4,1e-04,12.8,89.333305,False,False,Action.TAUNT_RIGHT,Action.ON_HALO_DESCENT,108,50,2,1,4,1,19,0,,,
1664,-68.4,1e-04,12.8,88.39998,False,False,Action.TAUNT_RIGHT,Action.ON_HALO_DESCENT,109,51,2,1,4,1,19,0,,,
1665,-68.4,1e-04,12.8,87.466644,False,False,Action.TAUNT_RIGHT,Action.ON_HALO_DESCENT,110,52,2,1,4,1,19,0,,,
1666,-68.4,1e-04,12.8,86.53331,False,False,Action.TAUNT_RIGHT,Action.ON_HALO_DESCENT,111,53,2,1,4,1,19,0,,,
1667,-68.4,1e-04,12.8,85.59998,False,False,Action.TAUNT_RIGHT,Action.ON_HALO_DESCENT,112,54,2,1,4,1,19,0,,,
1668,-68.4,1e-04,12.8,84.66666,False,False,Action.TAUNT_RIGHT,Action.ON_HALO_DESCENT,113,55,2,1,4,1,19,0,,,
1669,-68.4,1e-04,12.8,83.73332,False,False,Action.TAUNT_RIGHT,Action.ON_HALO_DESCENT,114,56,2,1,4,1,19,0,,,
1670,-68.4,1e-04,12.8,82.79999,False,False,Action.TAUNT_RIGHT,Action.ON_HALO_DESCENT,115,57,2,1,4,1,19,0,,,
1671,-68.4,1e-04,12.8,81.86666,False,False,Action.STANDING,Action.ON_HALO_DESCENT,1,58,2,1,4,1,19,0,,,
1672,-68.4,1e-04,12.8,80.933334,False,False,Action.STANDING,Action.ON_HALO_DESCENT,2,59,2,1,4,1,19,0,,,
1673,-68.4,1e-04,12.8,80.0,False,False,Action.STANDING,Action.ON_HALO_DESCENT,3,60,2,1,4,1,19,0,,,
1674,-68.4,1e-04,12.01,84.186005,False,False,Action.STANDING,Action.JUMPING_ARIAL_FORWARD,4,1,2,0,4,1,19,0,,,
1675,-68.4,1e-04,11.29175,88.142006,False,False,Action.STANDING,Action.JUMPING_ARIAL_FORWARD,5,2,2,0,4,1,19,0,,,
1676,-68.4,1e-04,10.6145,91.868004,False,False,Action.STANDING,Action.UAIR,6,1,2,0,4,1,19,0,,,
1677,-68.4,1e-04,9.86025,95.364006,False,False,Action.TURNING,Action.UAIR,1,2,2,0,4,1,19,0,,,
1678,-68.4,1e-04,9.126,98.630005,False,False,Action.TURNING,Action.UAIR,2,3,2,0,4,1,19,0,,,
1679,-68.4,1e-04,8.411751,101.66601,False,False,Action.TURNING,Action.UAIR,3,4,2,0,4,1,19,0,,,
1680,-68.4,1e-04,7.7175007,104.47201,False,False,Action.TURNING,Action.UAIR,4,5,2,0,4,1,19,0,,,
1681,-68.4,1e-04,7.0432506,107.048004,False,False,Action.TURNING,Action.UAIR,5,6,2,0,4,1,19,0,,,
1682,-68.4,1e-04,6.3890004,109.394005,True,False,Action.TURNING,Action.UAIR,6,7,2,0,4,1,19,0,,,
1683,-68.4,1e-04,5.7967505,111.51,True,False,Action.TURNING,Action.UAIR,7,8,2,0,4,1,19,0,,,
1684,-68.4,1e-04,5.2157507,113.396,True,False,Action.TURNING,Action.UAIR,8,9,2,0,4,1,19,0,,,
1685,-68.4,1e-04,4.564501,115.052,True,False,Action.TURNING,Action.UAIR,9,10,2,0,4,1,19,0,,,
1686,-68.4,1e-04,3.933251,116.478004,True,False,Action.TURNING,Action.UAIR,10,11,2,0,4,1,19,0,,,
1687,-68.4,1e-04,3.322001,117.674,True,False,Action.TURNING,Action.UAIR,11,12,2,0,4,1,19,0,,,
1688,-68.4,1e-04,2.7705011,118.64001,True,False,Action.STANDING,Action.UAIR,1,13,2,0,4,1,19,0,,,
1689,-68.4,1e-04,2.2795012,119.37601,True,False,Action.STANDING,Action.UAIR,2,14,2,0,4,1,19,0,,,
1690,-68.4,1e-04,1.8085012,119.882,True,False,Action.KNEE_BEND,Action.UAIR,1,15,2,0,4,1,19,0,,,
1691,-68.4,1e-04,1.2762513,120.158005,True,False,Action.KNEE_BEND,Action.UAIR,2,16,2,0,4,1,19,0,,,
1692,-68.4,1e-04,0.69525135,120.204,True,False,Action.KNEE_BEND,Action.UAIR,3,17,2,0,4,1,19,0,,,
1693,-68.4,1e-04,0.1582514,120.020004,True,False,Action.KNEE_BEND,Action.UAIR,4,18,2,0,4,1,19,0,,,
1694,-68.4,1e-04,-0.44449854,119.606,True,False,Action.KNEE_BEND,Action.UAIR,5,19,2,0,4,1,19,0,,,
1695,-67.84882,4.1001,-1.0272485,118.962006,True,False,Action.JUMPING_FORWARD,Action.UAIR,1,20,1,0,4,1,19,0,,,
1696,-67.23827,8.0301,-1.5479984,115.562004,True,False,Action.JUMPING_FORWARD,Action.UAIR,2,21,1,0,4,1,19,0,,,
1697,-66.58473,11.7901,-2.1337485,112.162,True,False,Action.JUMPING_FORWARD,Action.UAIR,3,22,1,0,4,1,19,0,,,
1698,-65.93119,15.3801,-2.7147484,108.762,True,False,Action.JUMPING_FORWARD,Action.UAIR,4,23,1,0,4,1,19,0,,,
1699,-65.27765,18.8001,-3.2202482,105.362,True,False,Action.JUMPING_FORWARD,Action.UAIR,5,24,1,0,4,1,19,0,,,
1700,-64.62411,22.0501,-3.6637483,101.962,True,False,Action.JUMPING_FORWARD,Action.UAIR,6,25,1,0,4,1,19,0,,,
1701,-63.970566,25.1301,-4.1819983,98.562,True,False,Action.JUMPING_FORWARD,Action.UAIR,7,26,1,0,4,1,19,0,,,
1702,-63.24702,28.0401,-4.628498,95.161995,True,False,Action.JUMPING_FORWARD,Action.UAIR,8,27,1,0,4,1,19,0,,,
1703,-62.453476,30.7801,-5.004748,91.76199,True,False,Action.JUMPING_FORWARD,Action.UAIR,9,28,1,0,4,1,19,0,,,
1704,-61.623474,33.350098,-5.3609977,88.36199,True,False,Action.JUMPING_FORWARD,Action.UAIR,10,29,1,0,4,1,19,0,,,
1705,-60.793472,35.750095,-5.7814975,84.96199,True,False,Action.JUMPING_FORWARD,Action.UAIR,11,30,1,0,4,1,19,0,,,
1706,-59.96347,37.980095,-6.2639976,81.56199,True,False,Action.JUMPING_FORWARD,Action.UAIR,12,31,1,0,4,1,19,0,,,
1707,-59.13347,40.040092,-6.6747475,78.16199,True,False,Action.JUMPING_FORWARD,Action.UAIR,13,32,1,0,4,1,19,0,,,
1708,-58.303467,41.93009,-7.1654973,74.761986,True,False,Action.JUMPING_FORWARD,Action.UAIR,14,33,1,0,4,1,19,0,,,
1709,-57.473465,43.65009,-7.725747,71.361984,True,False,Action.JUMPING_FORWARD,Action.UAIR,15,34,1,0,4,1,19,0,,,
1710,-56.643463,45.20009,-8.357747,67.96198,True,False,Action.JUMPING_FORWARD,Action.UAIR,16,35,1,0,4,1,19,0,,,
1711,-55.81346,46.580086,-8.969747,64.56198,True,False,Action.JUMPING_FORWARD,Action.FAIR,17,1,1,0,4,1,19,0,,,
1712,-54.98346,47.790085,-9.633746,61.16198,True,False,Action.JUMPING_FORWARD,Action.FAIR,18,2,1,0,4,1,19,0,,,
1713,-54.153458,48.830086,-10.373246,57.76198,True,False,Action.JUMPING_FORWARD,Action.FAIR,19,3,1,0,4,1,19,0,,,
1714,-53.323456,49.700085,-11.092746,54.361977,True,False,Action.JUMPING_FORWARD,Action.FAIR,20,4,1,0,4,1,19,0,,,
1715,-52.493454,50.400085,-11.733746,50.961975,True,False,Action.JUMPING_FORWARD,Action.FAIR,21,5,1,0,4,1,19,0,,,
1716,-51.663452,50.930084,-12.302996,54.4001,True,False,Action.JUMPING_FORWARD,Action.FAIR_LANDING,22,1,1,2,4,1,19,0,,,
1717,-50.83345,51.290085,-12.792246,54.4001,True,False,Action.JUMPING_FORWARD,Action.FAIR_LANDING,23,3,1,2,4,1,19,0,,,
1718,-50.00345,51.480083,-13.201496,54.4001,True,False,Action.JUMPING_FORWARD,Action.FAIR_LANDING,24,6,1,2,4,1,19,0,,,
1719,-49.173447,51.500084,-13.530746,54.4001,True,False,Action.JUMPING_FORWARD,Action.FAIR_LANDING,25,9,1,2,4,1,19,0,,,
1720,-48.343445,51.350082,-13.779997,54.4001,True,False,Action.JUMPING_FORWARD,Action.FAIR_LANDING,26,11,1,2,4,1,19,0,,,
1721,-47.513443,51.030083,-13.949247,54.4001,True,False,Action.JUMPING_FORWARD,Action.FAIR_LANDING,27,14,1,2,4,1,19,0,,,
1722,-46.68344,50.54008,-14.038498,54.4001,True,False,Action.JUMPING_FORWARD,Action.FAIR_LANDING,28,17,1,2,4,1,19,0,,,
1723,-45.85344,49.88008,-14.047748,54.4001,True,False,Action.JUMPING_FORWARD,Action.FAIR_LANDING,29,20,1,2,4,1,19,0,,,
1724,-45.023438,49.05008,-14.047748,54.4001,True,False,Action.JUMPING_FORWARD,Action.FAIR_LANDING,30,22,1,2,4,1,19,0,,,
1725,-44.11824,52.734077,-14.047748,54.4001,True,False,Action.JUMPING_ARIAL_FORWARD,Action.FAIR_LANDING,1,25,0,2,4,1,19,0,,,
1726,-43.233044,56.248077,-14.047748,54.4001,True,False,Action.JUMPING_ARIAL_FORWARD,Action.FAIR_LANDING,2,28,0,2,4,1,19,0,,,
1727,-42.367847,59.592075,-14.047748,54.4001,True,False,Action.JUMPING_ARIAL_FORWARD,Action.NEUTRAL_B_ATTACKING_AIR,3,1,0,2,4,1,19,0,,,
1728,-41.52265,62.766075,-14.047748,54.4001,True,False,Action.JUMPING_ARIAL_FORWARD,Action.NEUTRAL_B_ATTACKING_AIR,4,2,0,2,4,1,19,0,,,
1729,-40.697456,65.77007,-14.047748,54.4001,True,False,Action.JUMPING_ARIAL_FORWARD,Action.NEUTRAL_B_ATTACKING_AIR,5,3,0,2,4,1,19,0,,,
1730,-39.892258,68.60407,-14.047748,54.4001,True,False,Action.JUMPING_ARIAL_FORWARD,Action.NEUTRAL_B_ATTACKING_AIR,6,4,0,2,4,1,19,0,,,
1731,-39.10706,71.268074,-14.047748,54.4001,True,False,Action.JUMPING_ARIAL_FORWARD,Action.NEUTRAL_B_ATTACKING_AIR,7,5,0,2,4,1,19,0,,,
1732,-38.34186,73.76207,-14.047748,54.4001,True,False,Action.JUMPING_ARIAL_FORWARD,Action.NEUTRAL_B_ATTACKING_AIR,8,6,0,2,4,1,19,0,,,
1733,-37.596664,76.08607,-14.047748,54.4001,True,False,Action.JUMPING_ARIAL_FORWARD,Action.NEUTRAL_B_ATTACKING_AIR,9,7,0,2,4,1,19,0,,,
1734,-36.871468,78.24007,-14.047748,54.4001,True,False,Action.JUMPING_ARIAL_FORWARD,Action.NEUTRAL_B_ATTACKING_AIR,10,8,0,2,4,1,19,0,,,
1735,-36.16627,80.22407,-14.047748,54.4001,True,False,Action.JUMPING_ARIAL_FORWARD,Action.NEUTRAL_B_ATTACKING_AIR,11,9,0,2,4,1,19,0,,,
1736,-35.481075,82.03807,-14.047748,54.4001,True,False,Action.JUMPING_ARIAL_FORWARD,Action.NEUTRAL_B_ATTACKING_AIR,12,10,0,2,4,1,19,0,,,
1737,-34.81588,83.68207,-14.047748,54.4001,True,False,Action.JUMPING_ARIAL_FORWARD,Action.NEUTRAL_B_ATTACKING_AIR,13,11,0,2,4,1,19,0,,,
1738,-34.17068,85.15607,-14.047748,54.4001,True,False,Action.JUMPING_ARIAL_FORWARD,Action.NEUTRAL_B_ATTACKING_AIR,14,12,0,2,4,1,19,0,,,
1739,-33.545483,86.46007,-14.047748,54.4001,True,False,Action.JUMPING_ARIAL_FORWARD,Action.NEUTRAL_B_ATTACKING_AIR,15,13,0,2,4,1,19,0,,,
1740,-32.940285,87.59407,-14.047748,54.4001,True,False,Action.JUMPING_ARIAL_FORWARD,Action.NEUTRAL_B_ATTACKING_AIR,16,14,0,2,4,1,19,0,,,
1741,-32.355087,88.55807,-14.047748,54.4001,True,False,Action.JUMPING_ARIAL_FORWARD,Action.NEUTRAL_B_ATTACKING_AIR,17,15,0,2,4,1,19,0,,,
1742,-31.78989,89.352066,-14.047748,54.4001,True,False,Action.JUMPING_ARIAL_FORWARD,Action.NEUTRAL_B_ATTACKING_AIR,18,16,0,2,4,1,19,0,,,
1743,-31.244694,89.97607,-14.047748,54.4001,True,False,Action.JUMPING_ARIAL_FORWARD,Action.NEUTRAL_B_ATTACKING_AIR,19,17,0,2,4,1,19,0,,,
1744,-30.719496,90.43007,-14.047748,54.4001,True,False,Action.JUMPING_ARIAL_FORWARD,Action.NEUTRAL_B_ATTACKING_AIR,20,18,0,2,4,1,19,0,,,
1745,-30.214298,90.714066,-14.047748,54.4001,True,False,Action.JUMPING_ARIAL_FORWARD,Action.NEUTRAL_B_ATTACKING_AIR,21,19,0,2,4,1,19,0,,,
1746,-29.729101,90.828064,-16.147747,54.4001,True,False,Action.JUMPING_ARIAL_FORWARD,Action.SWORD_DANCE_1,22,1,0,2,4,1,19,0,,,
1747,-29.263905,90.772064,-18.147747,54.4001,True,False,Action.JUMPING_ARIAL_FORWARD,Action.SWORD_DANCE_1,23,2,0,2,4,1,19,0,,,
1748,-28.818707,90.54607,-18.800001,54.4,True,False,Action.JUMPING_ARIAL_FORWARD,Action.SWORD_DANCE_1,24,3,0,2,4,1,19,0,,,
1749,-28.393509,90.15006,-18.800001,54.4,True,False,Action.JUMPING_ARIAL_FORWARD,Action.SWORD_DANCE_1,25,4,0,2,4,1,19,0,,,
1750,-27.988312,89.58406,-18.800001,54.4,True,False,Action.JUMPING_ARIAL_FORWARD,Action.SWORD_DANCE_1,26,5,0,2,4,1,19,0,,,
1751,-27.603115,88.84806,-18.800001,54.4,True,False,Action.JUMPING_ARIAL_FORWARD,Action.SWORD_DANCE_1,27,6,0,2,4,1,19,0,,,
1752,-27.237919,87.94206,-18.800001,54.4,True,False,Action.JUMPING_ARIAL_FORWARD,Action.SWORD_DANCE_1,28,7,0,2,4,1,19,0,,,
1753,-26.892721,86.86606,-18.800001,54.4,True,False,Action.JUMPING_ARIAL_FORWARD,Action.SWORD_DANCE_1,29,8,0,2,4,1,19,0,,,
1754,-26.513666,85.620056,-18.800001,54.4,True,False,Action.JUMPING_ARIAL_FORWARD,Action.SWORD_DANCE_1,30,9,0,2,4,1,19,0,,,
1755,-26.083115,84.204056,-18.800001,54.4,True,False,Action.JUMPING_ARIAL_FORWARD,Action.SWORD_DANCE_1,31,10,0,2,4,1,19,0,,,
1756,-25.596342,82.61806,-18.800001,54.4,True,False,Action.JUMPING_ARIAL_FORWARD,Action.SWORD_DANCE_1,32,11,0,2,4,1,19,0,,,
1757,-25.052563,80.86205,-18.800001,54.4,True,False,Action.JUMPING_ARIAL_FORWARD,Action.SWORD_DANCE_1,33,12,0,2,4,1,19,0,,,
1758,-24.528784,78.93605,-18.800001,54.4,True,False,Action.JUMPING_ARIAL_FORWARD,Action.SWORD_DANCE_1,34,13,0,2,4,1,19,0,,,
1759,-24.025003,76.84005,-18.800001,54.4,True,False,Action.JUMPING_ARIAL_FORWARD,Action.SWORD_DANCE_1,35,14,0,2,4,1,19,0,,,
1760,-23.541224,74.57405,-18.800001,54.4,True,False,Action.JUMPING_ARIAL_FORWARD,Action.SWORD_DANCE_1,36,15,0,2,4,1,19,0,,,
1761,-23.077444,72.13805,-18.800001,54.4,True,False,Action.JUMPING_ARIAL_FORWARD,Action.SWORD_DANCE_1,37,16,0,2,4,1,19,0,,,
1762,-22.633665,69.53204,-18.800001,54.4,True,False,Action.JUMPING_ARIAL_FORWARD,Action.SWORD_DANCE_1,38,17,0,2,4,1,19,0,,,
1763,-22.209885,66.75604,-18.800001,54.4,True,False,Action.JUMPING_ARIAL_FORWARD,Action.SWORD_DANCE_1,39,18,0,2,4,1,19,0,,,
1764,-21.806105,63.810043,-18.800001,54.4,True,False,Action.JUMPING_ARIAL_FORWARD,Action.SWORD_DANCE_1,40,19,0,2,4,1,19,0,,,
1765,-21.422325,60.710045,-18.800001,54.4,True,False,Action.JUMPING_ARIAL_FORWARD,Action.SWORD_DANCE_1,41,20,0,2,4,1,19,0,,,
1766,-21.058546,57.610046,-18.800001,54.4,True,False,Action.JUMPING_ARIAL_FORWARD,Action.SWORD_DANCE_1,42,21,0,2,4,1,19,0,,,
1767,-20.714767,54.510048,-18.800001,54.4001,True,False,Action.JUMPING_ARIAL_FORWARD,Action.SWORD_DANCE_1,43,22,0,2,4,1,19,0,,,
1768,-20.390987,51.41005,-18.800001,54.4001,True,False,Action.JUMPING_ARIAL_FORWARD,Action.SWORD_DANCE_1,44,23,0,2,4,1,19,0,,,
1769,-20.087208,48.31005,-18.800001,54.4001,True,False,Action.JUMPING_ARIAL_FORWARD,Action.SWORD_DANCE_1,45,24,0,2,4,1,19,0,,,
1770,-19.803429,45.210052,-18.800001,54.4001,True,False,Action.JUMPING_ARIAL_FORWARD,Action.SWORD_DANCE_1,46,25,0,2,4,1,19,0,,,
1771,-19.53965,42.110054,-18.800001,54.4001,True,False,Action.JUMPING_ARIAL_FORWARD,Action.SWORD_DANCE_1,47,26,0,2,4,1,19,0,,,
1772,-19.29587,39.010056,-18.800001,54.4001,True,False,Action.JUMPING_ARIAL_FORWARD,Action.SWORD_DANCE_1,48,27,0,2,4,1,19,0,,,
1773,-19.07209,35.910057,-18.800001,54.4001,True,False,Action.JUMPING_ARIAL_FORWARD,Action.SWORD_DANCE_1,49,28,0,2,4,1,19,0,,,
1774,-18.86831,32.81006,-18.800001,54.4001,True,False,Action.JUMPING_ARIAL_FORWARD,Action.SWORD_DANCE_1,50,29,0,2,4,1,19,0,,,
1775,-18.684532,29.710058,-18.800001,54.4001,True,False,Action.FALLING_AERIAL,Action.SWORD_DANCE_1,1,30,0,2,4,1,19,0,,,
1776,-18.520752,26.610058,-18.800001,54.4001,True,False,Action.UAIR,Action.SWORD_DANCE_1,1,31,0,2,4,1,19,0,,,
1777,-18.376972,23.510057,-18.800001,54.4001,True,False,Action.UAIR,Action.SWORD_DANCE_1,2,32,0,2,4,1,19,0,,,
1778,-18.253193,20.410057,-18.800001,54.4001,True,False,Action.UAIR,Action.SWORD_DANCE_1,3,33,0,2,4,1,19,0,,,
1779,-18.149414,17.310057,-18.800001,54.4001,True,False,Action.UAIR,Action.SWORD_DANCE_1,4,34,0,2,4,1,19,0,,,
1780,-18.065634,14.210056,-18.800001,54.4001,True,False,Action.UAIR,Action.SWORD_DANCE_1,5,35,0,2,4,1,19,0,,,
1781,-18.001854,11.110056,-18.800001,54.4001,True,False,Action.UAIR,Action.SWORD_DANCE_1,6,36,0,2,4,1,19,0,,,
1782,-17.958075,8.010056,-18.800001,54.4001,True,False,Action.UAIR,Action.SWORD_DANCE_1,7,37,0,2,4,1,19,0,,,
1783,-17.934296,4.9100556,-18.800001,54.4001,True,False,Action.UAIR,Action.SWORD_DANCE_1,8,38,0,2,4,1,19,0,,,
1784,-17.930515,1.8100557,-18.800001,54.4001,True,False,Action.UAIR,Action.SWORD_DANCE_1,9,39,0,2,4,1,19,0,,,
1785,-17.930515,-1.2899442,-18.800001,54.4001,True,False,Action.UAIR,Action.SWORD_DANCE_1,10,40,0,2,4,1,19,0,,,
1786,-17.930515,-4.389944,-18.800001,54.4001,True,False,Action.UAIR,Action.NEUTRAL_B_ATTACKING_AIR,11,1,0,2,4,1,19,0,,,
1787,-17.930515,0.0001001358,-18.800001,54.4001,True,False,Action.UAIR_LANDING,Action.NEUTRAL_B_ATTACKING_AIR,1,2,2,2,4,1,19,0,,,
1788,-17.930515,9.9897385e-05,-18.800001,54.4001,True,False,Action.UAIR_LANDING,Action.NEUTRAL_B_ATTACKING_AIR,2,3,2,2,4,1,19,0,,,
1789,-17.930515,1e-04,-18.800001,54.4001,True,False,Action.UAIR_LANDING,Action.NEUTRAL_B_ATTACKING_AIR,4,4,2,2,4,1,19,0,,,
1790,-17.930515,1e-04,-18.800001,54.4001,True,False,Action.UAIR_LANDING,Action.NEUTRAL_B_ATTACKING_AIR,6,5,2,2,4,1,19,0,,,
1791,-17.930515,1e-04,-18.800001,54.4001,True,False,Action.UAIR_LANDING,Action.NEUTRAL_B_ATTACKING_AIR,7,6,2,2,4,1,19,0,,,
1792,-17.930515,1e-04,-18.800001,54.4001,True,False,Action.UAIR_LANDING,Action.NEUTRAL_B_ATTACKING_AIR,9,7,2,2,4,1,19,0,,,
1793,-17.930515,1e-04,-18.800001,54.4001,True,False,Action.UAIR_LANDING,Action.NEUTRAL_B_ATTACKING_AIR,11,8,2,2,4,1,19,0,,,
1794,-17.930515,1e-04,-18.800001,54.4001,True,False,Action.UAIR_LANDING,Action.NEUTRAL_B_ATTACKING_AIR,12,9,2,2,4,1,19,0,,,
1795,-17.930515,1e-04,-18.800001,54.4001,True,False,Action.UAIR_LANDING,Action.NEUTRAL_B_ATTACKING_AIR,14,10,2,2,4,1,19,0,,,
1796,-17.930515,1e-04,-18.800001,54.4001,True,False,Action.UAIR_LANDING,Action.NEUTRAL_B_ATTACKING_AIR,16,11,2,2,4,1,19,0,,,
1797,-17.930515,1e-04,-18.800001,54.4001,True,False,Action.UAIR_LANDING,Action.NEUTRAL_B_ATTACKING_AIR,17,12,2,2,4,1,19,0,,,
1798,-17.930515,1e-04,-18.800001,54.4001,True,False,Action.UAIR_LANDING,Action.NEUTRAL_B_ATTACKING_AIR,19,13,2,2,4,1,19,0,,,
1799,-17.930515,1e-04,-18.800001,54.4001,True,False,Action.UAIR_LANDING,Action.NEUTRAL_B_ATTACKING_AIR,21,14,2,2,4,1,19,0,,,
1800,-17.930515,1e-04,-18.800001,54.4001,True,False,Action.UAIR_LANDING,Action.NEUTRAL_B_ATTACKING_AIR,22,15,2,2,4,1,19,0,,,
1801,-17.930515,1e-04,-18.800001,54.4001,True,False,Action.UAIR_LANDING,Action.NEUTRAL_B_ATTACKING_AIR,24,16,2,2,4,1,19,0,,,
1802,-17.930515,1e-04,-18.800001,54.4001,True,False,Action.UAIR_LANDING,Action.NEUTRAL_B_ATTACKING_AIR,26,17,2,2,4,1,19,0,,,
1803,-17.930515,1e-04,-18.800001,54.4001,True,False,Action.UAIR_LANDING,Action.NEUTRAL_B_ATTACKING_AIR,27,18,2,2,4,1,19,0,,,
1804,-17.930515,1e-04,-18.800001,54.4001,True,False,Action.UAIR_LANDING,Action.NEUTRAL_B_ATTACKING_AIR,29,19,2,2,4,1,19,0,,,
1805,-17.930515,1e-04,-18.800001,54.4001,True,False,Action.STANDING,Action.NEUTRAL_B_FULL_CHARGE_AIR,1,1,2,2,4,1,19,0,,,
1806,-17.773823,1e-04,-23.48,54.4001,True,False,Action.WALK_SLOW,Action.SWORD_DANCE_2_MID,1,2,2,0,4,1,19,0,,,
1807,-17.567104,1e-04,-25.41,54.4001,True,False,Action.WALK_SLOW,Action.SWORD_DANCE_3_HIGH,2,1,2,0,4,1,19,0,,,
1808,-17.440386,1e-04,-27.27,54.4001,True,False,Action.STANDING,Action.SWORD_DANCE_3_HIGH,1,2,2,0,4,1,19,0,,,
1809,-17.393667,1e-04,-29.06,54.4001,True,False,Action.TURNING,Action.SWORD_DANCE_3_HIGH,1,3,2,0,4,1,19,0,,,
1810,-17.393667,1e-04,-30.779999,54.4001,True,False,Action.TURNING,Action.SWORD_DANCE_3_HIGH,2,4,2,0,4,1,19,0,,,
1811,-17.393667,1e-04,-32.43,54.4001,True,False,Action.TURNING,Action.SWORD_DANCE_3_HIGH,3,5,2,0,4,1,19,0,,,
1812,-17.393667,1e-04,-34.01,54.3201,True,False,Action.TURNING,Action.SWORD_DANCE_3_HIGH,4,6,2,0,4,1,19,0,,,
1813,-17.393667,1e-04,-35.519997,54.1601,True,False,Action.TURNING,Action.SWORD_DANCE_3_HIGH,5,7,2,0,4,1,19,0,,,
1814,-17.393667,1e-04,-36.959995,53.920097,False,False,Action.TURNING,Action.SWORD_DANCE_3_HIGH,6,8,2,0,4,1,19,0,,,
1815,-17.393667,1e-04,-38.329994,53.600098,False,False,Action.TURNING,Action.SWORD_DANCE_3_HIGH,7,9,2,0,4,1,19,0,,,
1816,-17.393667,1e-04,-39.629993,53.200096,False,False,Action.TURNING,Action.SWORD_DANCE_3_HIGH,8,10,2,0,4,1,19,0,,,
1817,-17.393667,1e-04,-40.859993,52.720097,False,False,Action.TURNING,Action.SWORD_DANCE_3_HIGH,9,11,2,0,4,1,19,0,,,
1818,-17.393667,1e-04,-42.019993,52.160095,False,False,Action.TURNING,Action.SWORD_DANCE_3_HIGH,10,12,2,0,4,1,19,0,,,
1819,-17.393667,1e-04,-43.109993,51.520096,False,False,Action.TURNING,Action.SWORD_DANCE_3_HIGH,11,13,2,0,4,1,19,0,,,
1820,-17.393667,1e-04,-44.129993,50.800095,False,False,Action.STANDING,Action.SWORD_DANCE_3_HIGH,1,14,2,0,4,1,19,0,,,
1821,-17.393667,1e-04,-45.079994,50.000095,False,False,Action.STANDING,Action.SWORD_DANCE_3_HIGH,2,15,2,0,4,1,19,0,,,
1822,-17.393667,1e-04,-45.959995,49.120094,False,False,Action.KNEE_BEND,Action.SWORD_DANCE_3_HIGH,1,16,2,0,4,1,19,0,,,
1823,-17.393667,1e-04,-46.769993,48.160095,False,False,Action.KNEE_BEND,Action.SWORD_DANCE_3_HIGH,2,17,2,0,4,1,19,0,,,
1824,-17.393667,1e-04,-47.50999,47.120094,False,False,Action.KNEE_BEND,Action.SWORD_DANCE_3_HIGH,3,18,2,0,4,1,19,0,,,
1825,-17.393667,1e-04,-48.17999,46.000095,False,False,Action.KNEE_BEND,Action.SWORD_DANCE_3_HIGH,4,19,2,0,4,1,19,0,,,
1826,-17.393667,1e-04,-48.779987,44.800095,False,False,Action.KNEE_BEND,Action.SWORD_DANCE_3_HIGH,5,20,2,0,4,1,19,0,,,
1827,-17.393667,4.1001,-49.309986,43.520096,False,False,Action.JUMPING_FORWARD,Action.SWORD_DANCE_3_HIGH,1,21,1,0,4,1,19,0,,,
1828,-17.393667,8.0301,-49.769985,42.160095,False,False,Action.JUMPING_FORWARD,Action.SWORD_DANCE_3_HIGH,2,22,1,0,4,1,19,0,,,
1829,-17.393667,11.7901,-50.159985,40.720097,False,False,Action.JUMPING_FORWARD,Action.SWORD_DANCE_3_HIGH,3,23,1,0,4,1,19,0,,,
1830,-17.393667,15.3801,-50.479984,39.200096,False,False,Action.JUMPING_FORWARD,Action.SWORD_DANCE_3_HIGH,4,24,1,0,4,1,19,0,,,
1831,-17.393667,18.8001,-50.729984,37.600098,False,False,Action.JUMPING_FORWARD,Action.SWORD_DANCE_3_HIGH,5,25,1,0,4,1,19,0,,,
1832,-17.393667,22.0501,-50.909985,35.920097,False,False,Action.JUMPING_FORWARD,Action.SWORD_DANCE_3_HIGH,6,26,1,0,4,1,19,0,,,
1833,-17.393667,25.1301,-51.019985,34.160095,False,False,Action.JUMPING_FORWARD,Action.SWORD_DANCE_3_HIGH,7,27,1,0,4,1,19,0,,,
1834,-17.463276,28.0401,-51.059986,32.320095,False,False,Action.JUMPING_FORWARD,Action.SWORD_DANCE_3_HIGH,8,28,1,0,4,1,19,0,,,
1835,-17.602495,30.7801,-51.059986,30.400095,False,False,Action.JUMPING_FORWARD,Action.SWORD_DANCE_3_HIGH,9,29,1,0,4,1,19,0,,,
1836,-17.811323,33.350098,-51.059986,28.400095,False,False,Action.JUMPING_FORWARD,Action.SWORD_DANCE_3_HIGH,10,30,1,0,4,1,19,0,,,
1837,-18.08976,35.750095,-51.059986,26.320095,False,False,Action.JUMPING_FORWARD,Action.SWORD_DANCE_3_HIGH,11,31,1,0,4,1,19,0,,,
1838,-18.437807,37.980095,-51.059986,24.160095,False,False,Action.JUMPING_FORWARD,Action.SWORD_DANCE_3_HIGH,12,32,1,0,4,1,19,0,,,
1839,-18.855463,40.040092,-51.059986,27.2001,False,False,Action.JUMPING_FORWARD,Action.LANDING_SPECIAL,13,1,1,2,4,1,19,0,,,
1840,-19.34273,41.93009,-51.059986,27.2001,False,False,Action.JUMPING_FORWARD,Action.LANDING_SPECIAL,14,2,1,2,4,1,19,0,,,
1841,-19.899605,43.65009,-51.059986,27.2001,False,False,Action.JUMPING_FORWARD,Action.LANDING_SPECIAL,15,4,1,2,4,1,19,0,,,
1842,-20.526089,45.20009,-51.059986,27.2001,False,False,Action.JUMPING_FORWARD,Action.LANDING_SPECIAL,16,5,1,2,4,1,19,0,,,
1843,-21.222183,46.580086,-51.059986,27.2001,False,False,Action.JUMPING_FORWARD,Action.LANDING_SPECIAL,17,7,1,2,4,1,19,0,,,
1844,-21.898277,47.790085,-51.059986,27.2001,False,False,Action.JUMPING_FORWARD,Action.LANDING_SPECIAL,18,8,1,2,4,1,19,0,,,
1845,-22.55437,48.830086,-51.059986,27.2001,False,False,Action.JUMPING_FORWARD,Action.LANDING_SPECIAL,19,10,1,2,4,1,19,0,,,
1846,-23.190464,49.700085,-51.059986,27.2001,False,False,Action.JUMPING_FORWARD,Action.LANDING_SPECIAL,20,11,1,2,4,1,19,0,,,
1847,-23.806559,50.400085,-51.059986,27.2001,False,False,Action.JUMPING_FORWARD,Action.LANDING_SPECIAL,21,13,1,2,4,1,19,0,,,
1848,-24.429058,50.930084,-51.059986,27.2001,False,False,Action.JUMPING_FORWARD,Action.LANDING_SPECIAL,22,14,1,2,4,1,19,0,,,
1849,-25.121168,51.290085,-51.059986,27.2001,False,False,Action.JUMPING_FORWARD,Action.LANDING_SPECIAL,23,16,1,2,4,1,19,0,,,
1850,-25.882887,51.480083,-51.059986,27.2001,False,False,Action.JUMPING_FORWARD,Action.LANDING_SPECIAL,24,17,1,2,4,1,19,0,,,
1851,-26.706402,51.500084,-51.059986,27.2001,False,False,Action.JUMPING_FORWARD,Action.LANDING_SPECIAL,25,19,1,2,4,1,19,0,,,
1852,-27.529917,51.350082,-51.059986,27.2001,False,False,Action.JUMPING_FORWARD,Action.LANDING_SPECIAL,26,20,1,2,4,1,19,0,,,
1853,-28.353432,51.030083,-51.059986,27.2001,False,False,Action.JUMPING_FORWARD,Action.LANDING_SPECIAL,27,22,1,2,4,1,19,0,,,
1854,-29.176947,50.54008,-51.059986,27.2001,False,False,Action.JUMPING_FORWARD,Action.LANDING_SPECIAL,28,23,1,2,4,1,19,0,,,
1855,-30.000462,49.88008,-51.059986,27.2001,False,False,Action.JUMPING_FORWARD,Action.LANDING_SPECIAL,29,25,1,2,4,1,19,0,,,
1856,-30.823977,49.05008,-51.059986,27.2001,False,False,Action.JUMPING_FORWARD,Action.LANDING_SPECIAL,30,26,1,2,4,1,19,0,,,
1857,-31.647491,48.05008,-51.059986,27.2001,False,False,Action.JUMPING_FORWARD,Action.LANDING_SPECIAL,31,28,1,2,4,1,19,0,,,
1858,-32.47101,46.880077,-51.059986,27.2001,False,False,Action.JUMPING_FORWARD,Action.LANDING_SPECIAL,32,29,1,2,4,1,19,0,,,
1859,-33.294525,45.540077,-51.059986,27.2001,False,False,Action.JUMPING_FORWARD,Action.UPSMASH,33,1,1,2,4,1,19,0,,,
1860,-34.118042,44.030075,-51.059986,27.2001,False,False,Action.JUMPING_FORWARD,Action.UPSMASH,34,2,1,2,4,1,19,0,,,
1861,-34.94156,42.350075,-51.059986,27.2001,False,False,Action.JUMPING_FORWARD,Action.UPSMASH,35,3,1,2,4,1,19,0,,,
1862,-35.765076,40.500072,-51.059986,27.2001,False,False,Action.JUMPING_FORWARD,Action.UPSMASH,36,4,1,2,4,1,19,0,,,
1863,-36.588593,38.480072,-51.059986,27.2001,False,False,Action.JUMPING_FORWARD,Action.UPSMASH,37,5,1,2,4,1,19,0,,,
1864,-37.41211,36.29007,-51.059986,27.2001,False,False,Action.JUMPING_FORWARD,Action.UPSMASH,38,6,1,2,4,1,19,0,,,
1865,-38.215626,33.93007,-51.059986,27.2001,False,False,Action.JUMPING_FORWARD,Action.UPSMASH,39,7,1,2,4,1,19,0,,,
1866,-38.99914,31.400068,-51.059986,27.2001,False,False,Action.JUMPING_FORWARD,Action.UPSMASH,40,8,1,2,4,1,19,0,,,
1867,-39.762657,28.700068,-51.059986,27.2001,False,False,Action.FALLING,Action.UPSMASH,1,9,1,2,4,1,19,0,,,
1868,-40.506172,25.830067,-51.059986,27.2001,False,False,Action.FALLING,Action.UPSMASH,2,10,1,2,4,1,19,0,,,
1869,-41.229687,22.790066,-51.059986,27.2001,False,False,Action.FALLING,Action.UPSMASH,3,11,1,2,4,1,19,0,,,
1870,-41.9332,27.2001,-51.059986,27.2001,False,False,Action.LANDING,Action.UPSMASH,1,12,2,2,4,1,19,0,,,
1871,-42.556717,27.2001,-51.059986,27.2001,False,False,Action.LANDING,Action.UPSMASH,2,13,2,2,4,1,19,0,,,
1872,-43.10023,27.2001,-51.059986,27.2001,False,False,Action.LANDING,Action.UPSMASH,3,14,2,2,4,1,19,0,,,
1873,-43.563747,27.2001,-51.059986,27.2001,False,False,Action.DAMAGE_HIGH_3,Action.UPSMASH,1,15,1,2,4,1,32,0,,,
1874,-47.688747,31.499313,-51.059986,27.2001,False,False,Action.DAMAGE_HIGH_3,Action.UPSMASH,1,15,1,2,4,1,32,0,,,
1875,-47.688747,31.499313,-51.059986,27.2001,False,False,Action.DAMAGE_HIGH_3,Action.UPSMASH,1,15,1,2,4,1,32,0,,,
1876,-47.688747,31.499313,-51.059986,27.2001,False,False,Action.DAMAGE_HIGH_3,Action.UPSMASH,1,15,1,2,4,1,32,0,,,
1877,-47.688747,31.499313,-51.059986,27.2001,False,False,Action.DAMAGE_HIGH_3,Action.UPSMASH,1,15,1,2,4,1,32,0,,,
1878,-47.688747,31.499313,-51.059986,27.2001,False,False,Action.DAMAGE_HIGH_3,Action.UPSMASH,1,15,1,2,4,1,32,0,,,
1879,-47.688747,31.499313,-51.059986,27.2001,False,False,Action.DAMAGE_HIGH_3,Action.UPSMASH,1,15,1,2,4,1,32,0,,,
1880,-48.847656,35.16053,-51.059986,27.2001,False,False,Action.DAMAGE_HIGH_3,Action.UPSMASH,2,16,1,2,4,1,32,0,,,
1881,-47.96821,36.457214,-51.059986,27.2001,False,False,Action.DAMAGE_HIGH_3,Action.UPSMASH,3,17,1,2,4,1,32,0,,,
1882,-47.1129,37.538975,-51.059986,27.2001,False,False,Action.DAMAGE_HIGH_3,Action.UPSMASH,4,18,1,2,4,1,32,0,,,
1883,-46.28173,38.405807,-51.059986,27.2001,False,False,Action.DAMAGE_HIGH_3,Action.UPSMASH,5,19,1,2,4,1,32,0,,,
1884,-45.4747,39.057716,-51.059986,27.2001,False,False,Action.DAMAGE_HIGH_3,Action.UPSMASH,6,20,1,2,4,1,32,0,,,
1885,-44.69181,39.494698,-51.059986,27.2001,False,False,Action.DAMAGE_HIGH_3,Action.UPSMASH,7,21,1,2,4,1,32,0,,,
1886,-43.93306,39.71676,-51.059986,27.2001,False,False,Action.DAMAGE_HIGH_3,Action.UPSMASH,8,22,1,2,4,1,32,0,,,
1887,-43.19845,39.723892,-51.059986,27.2001,False,False,Action.DAMAGE_HIGH_3,Action.UPSMASH,9,23,1,2,4,1,32,0,,,
1888,-42.487976,39.5161,-51.059986,27.2001,False,False,Action.DAMAGE_HIGH_3,Action.UPSMASH,10,24,1,2,4,1,32,0,,,
1889,-41.801647,39.093384,-51.059986,27.2001,False,False,Action.DAMAGE_HIGH_3,Action.UPSMASH,11,25,1,2,4,1,32,0,,,
1890,-41.139458,38.45574,-51.059986,27.2001,False,False,Action.DAMAGE_HIGH_3,Action.UPSMASH,12,26,1,2,4,1,32,0,,,
1891,-40.501408,37.603172,-51.059986,27.2001,False,False,Action.DAMAGE_HIGH_3,Action.UPSMASH,13,27,1,2,4,1,32,0,,,
1892,-39.887497,36.535683,-51.059986,27.2001,False,False,Action.DAMAGE_HIGH_3,Action.UPSMASH,14,28,1,2,4,1,32,0,,,
1893,-39.297726,35.253265,-51.059986,27.2001,False,False,Action.DAMAGE_HIGH_3,Action.UPSMASH,15,29,1,2,4,1,32,0,,,
1894,-38.732094,33.755924,-51.059986,27.2001,False,False,Action.DAMAGE_HIGH_3,Action.UPSMASH,16,30,1,2,4,1,32,0,,,
1895,-38.1906,32.043655,-51.059986,27.2001,False,False,Action.DAMAGE_HIGH_3,Action.UPSMASH,17,31,1,2,4,1,32,0,,,
1896,-37.67325,30.116463,-51.059986,27.2001,False,False,Action.DAMAGE_HIGH_3,Action.UPSMASH,18,32,1,2,4,1,32,0,,,
1897,-37.18004,27.974346,-51.059986,27.2001,False,False,Action.DAMAGE_HIGH_3,Action.UPSMASH,19,33,1,2,4,1,32,0,,,
1898,-36.710968,25.747303,-51.059986,27.2001,False,False,Action.DAMAGE_HIGH_3,Action.UPSMASH,20,34,1,2,4,1,32,0,,,
1899,-36.266037,27.2001,-51.059986,27.2001,False,False,Action.LANDING,Action.UPSMASH,1,35,2,2,4,1,32,0,,,
1900,-35.901104,27.2001,-51.059986,27.2001,False,False,Action.LANDING,Action.UPSMASH,2,36,2,2,4,1,32,0,,,
1901,-35.616173,27.2001,-51.059986,27.2001,False,False,Action.LANDING,Action.UPSMASH,3,37,2,2,4,1,32,0,,,
1902,-35.41124,27.2001,-51.059986,27.2001,False,False,Action.LANDING,Action.UPSMASH,4,38,2,2,4,1,32,0,,,
1903,-35.28631,27.2001,-51.059986,27.2001,False,False,Action.LANDING,Action.UPSMASH,5,39,2,2,4,1,32,0,,,
1904,-35.241375,27.2001,-51.059986,27.2001,False,False,Action.LANDING,Action.UPSMASH,6,40,2,2,4,1,32,0,,,
1905,-35.241375,27.2001,-51.059986,27.2001,False,False,Action.LANDING,Action.UPSMASH,7,41,2,2,4,1,32,0,,,
1906,-35.241375,27.2001,-51.060036,27.2001,False,False,Action.LANDING,Action.FSMASH_MID,8,1,2,2,4,1,32,0,,,
1907,-35.241375,27.2001,-51.06016,27.2001,False,False,Action.LANDING,Action.FSMASH_MID,9,2,2,2,4,1,32,0,,,
1908,-35.241375,27.2001,-51.060314,27.2001,False,False,Action.LANDING,Action.FSMASH_MID,10,3,2,2,4,1,32,0,,,
1909,-35.241375,27.2001,-51.06045,27.2001,False,False,Action.LANDING,Action.FSMASH_MID,11,4,2,2,4,1,32,0,,,
1910,-35.241375,27.2001,-51.06053,27.2001,False,False,Action.LANDING,Action.FSMASH_MID,12,5,2,2,4,1,32,0,,,
1911,-35.241375,27.2001,-51.06051,27.2001,False,False,Action.LANDING,Action.FSMASH_MID,13,6,2,2,4,1,32,0,,,
1912,-35.241375,27.2001,-51.06034,27.2001,False,False,Action.LANDING,Action.FSMASH_MID,14,7,2,2,4,1,32,0,,,
1913,-35.241375,27.2001,-51.059982,27.2001,False,False,Action.LANDING,Action.FSMASH_MID,15,8,2,2,4,1,32,0,,,
1914,-35.241375,27.2001,-52.40256,27.2001,False,False,Action.LANDING,Action.FSMASH_MID,16,9,2,2,4,1,32,0,,,
1915,-35.241375,27.2001,-53.74514,27.2001,False,False,Action.LANDING,Action.FSMASH_MID,17,10,2,2,4,1,32,0,,,
1916,-35.241375,27.2001,-55.08772,27.2001,False,False,Action.NEUTRAL_ATTACK_1,Action.FSMASH_MID,1,11,2,2,4,1,32,0,,,
1917,-35.241375,27.2001,-56.430298,27.2001,False,False,Action.NEUTRAL_ATTACK_1,Action.FSMASH_MID,2,12,2,2,4,1,32,0,,,
1918,-35.241375,27.2001,-57.600002,27.2,False,False,Action.NEUTRAL_ATTACK_1,Action.FSMASH_MID,3,13,2,2,4,1,32,0,,,
1919,-35.241375,27.2001,-57.600002,27.2,False,False,Action.NEUTRAL_ATTACK_1,Action.FSMASH_MID,4,14,2,2,4,1,32,0,,,
1920,-35.241375,27.2001,-57.600002,27.2,False,False,Action.NEUTRAL_ATTACK_1,Action.FSMASH_MID,5,15,2,2,4,1,32,0,,,
1921,-35.241375,27.2001,-57.600002,27.2,False,False,Action.NEUTRAL_ATTACK_2,Action.FSMASH_MID,1,16,2,2,4,1,32,0,,,
1922,-39.091373,27.2001,-57.600002,27.2,False,False,Action.NEUTRAL_ATTACK_2,Action.FSMASH_MID,2,17,2,2,4,1,32,0,,,
1923,-42.941372,27.2001,-57.600002,27.2,False,True,Action.NEUTRAL_ATTACK_2,Action.DAMAGE_NEUTRAL_1,3,1,2,1,4,1,32,3,,,
1924,-42.941372,27.2001,-51.75,27.2,False,True,Action.NEUTRAL_ATTACK_2,Action.DAMAGE_NEUTRAL_1,3,1,2,1,4,1,32,3,,,
1925,-42.941372,27.2001,-46.35,27.2001,False,True,Action.NEUTRAL_ATTACK_2,Action.DAMAGE_NEUTRAL_1,3,1,2,1,4,1,32,3,,,
1926,-42.941372,27.2001,-49.425,32.300102,False,True,Action.NEUTRAL_ATTACK_2,Action.DAMAGE_NEUTRAL_1,3,1,2,1,4,1,32,3,,,
1927,-42.941372,27.2001,-51.30779,35.03787,False,True,Action.NEUTRAL_ATTACK_2,Action.DAMAGE_NEUTRAL_1,4,2,2,1,4,1,32,3,,,
1928,-42.941372,27.2001,-51.62059,34.956326,False,True,Action.NEUTRAL_ATTACK_2,Action.DAMAGE_NEUTRAL_1,5,3,2,1,4,1,32,3,,,
1929,-42.941372,27.2001,-51.9009,34.605473,False,True,Action.NEUTRAL_ATTACK_2,Action.DAMAGE_NEUTRAL_1,6,4,2,1,4,1,32,3,,,
1930,-42.941372,27.2001,-52.14872,33.98531,False,True,Action.LOOPING_ATTACK_START,Action.DAMAGE_NEUTRAL_1,1,5,2,1,4,1,32,3,,,
1931,-42.941372,27.2001,-52.364048,33.095833,False,True,Action.LOOPING_ATTACK_START,Action.DAMAGE_NEUTRAL_1,2,6,2,1,4,1,32,3,,,
1932,-42.941372,27.2001,-52.546886,31.937046,False,True,Action.LOOPING_ATTACK_START,Action.DAMAGE_NEUTRAL_1,3,7,2,1,4,1,32,3,,,
1933,-42.941372,27.2001,-52.65098,28.718948,False,True,Action.LOOPING_ATTACK_START,Action.FAIR,4,1,2,1,4,1,32,3,,,
1934,-42.941372,27.2001,-52.770336,25.46154,False,True,Action.LOOPING_ATTACK_START,Action.FAIR,5,2,2,1,4,1,32,3,,,
1935,-42.941372,27.2001,-52.8072,27.2001,False,True,Action.LOOPING_ATTACK_START,Action.LANDING,6,1,2,2,4,1,32,3,,,
1936,-42.941372,27.2001,-52.812565,27.2001,False,True,Action.LOOPING_ATTACK_MIDDLE,Action.LANDING,1,2,2,2,4,1,32,3,,,
1937,-42.941372,27.2001,-52.812565,27.2001,False,True,Action.LOOPING_ATTACK_MIDDLE,Action.LANDING,2,3,2,2,4,1,32,3,,,
1938,-42.941372,27.2001,-52.812565,27.2001,False,True,Action.LOOPING_ATTACK_MIDDLE,Action.DAMAGE_HIGH_2,3,1,2,1,4,1,32,4,,,
1939,-42.941372,27.2001,-52.812565,27.2001,False,True,Action.LOOPING_ATTACK_MIDDLE,Action.DAMAGE_HIGH_2,3,1,2,1,4,1,32,4,,,
1940,-42.941372,27.2001,-57.612564,27.2001,False,True,Action.LOOPING_ATTACK_MIDDLE,Action.DAMAGE_HIGH_2,3,1,2,1,4,1,32,4,,,
1941,-42.941372,27.2001,-59.664078,25.21158,False,True,Action.LOOPING_ATTACK_MIDDLE,Action.DAMAGE_HIGH_2,4,2,2,1,4,1,32,4,,,
1942,-42.941372,27.2001,-59.93214,25.346561,False,True,Action.LOOPING_ATTACK_MIDDLE,Action.DAMAGE_HIGH_2,5,3,2,1,4,1,32,4,,,
1943,-42.941372,27.2001,-60.179253,25.205044,False,True,Action.LOOPING_ATTACK_MIDDLE,Action.DAMAGE_HIGH_2,6,4,2,1,4,1,32,4,,,
1944,-42.941372,27.2001,-60.405415,24.787027,False,True,Action.LOOPING_ATTACK_MIDDLE,Action.DAMAGE_HIGH_2,7,5,2,1,4,1,32,4,,,
1945,-42.941372,27.2001,-60.61063,24.092512,False,True,Action.LOOPING_ATTACK_MIDDLE,Action.DAMAGE_HIGH_2,8,6,2,1,4,1,32,4,,,
1946,-42.941372,27.2001,-60.794895,23.1215,False,True,Action.LOOPING_ATTACK_MIDDLE,Action.DAMAGE_HIGH_2,9,7,2,1,4,1,32,4,,,
1947,-42.941372,27.2001,-60.95821,21.873987,False,True,Action.LOOPING_ATTACK_MIDDLE,Action.DAMAGE_HIGH_2,10,8,2,1,4,1,32,4,,,
1948,-42.941372,27.2001,-61.100574,20.349976,False,True,Action.LOOPING_ATTACK_MIDDLE,Action.DAMAGE_HIGH_2,11,9,2,1,4,1,32,4,,,
1949,-42.941372,27.2001,-61.221992,18.549467,False,True,Action.LOOPING_ATTACK_MIDDLE,Action.DAMAGE_HIGH_2,12,10,2,1,4,1,32,4,,,
1950,-42.941372,27.2001,-60.77996,22.95846,False,True,Action.LOOPING_ATTACK_MIDDLE,Action.JUMPING_ARIAL_FORWARD,13,1,2,0,4,1,32,4,,,
1951,-42.941372,27.2001,-60.37898,27.090952,False,True,Action.LOOPING_ATTACK_MIDDLE,Action.JUMPING_ARIAL_FORWARD,14,2,2,0,4,1,32,4,,,
1952,-42.941372,27.2001,-60.167213,27.220947,False,False,Action.LOOPING_ATTACK_MIDDLE,Action.SWORD_DANCE_2_HIGH,15,1,2,0,4,1,32,4,,,
1953,-42.941372,27.2001,-59.984497,27.304443,False,False,Action.LOOPING_ATTACK_MIDDLE,Action.SWORD_DANCE_2_HIGH,16,2,2,0,4,1,32,4,,,
1954,-42.941372,27.2001,-59.830833,27.34144,False,True,Action.LOOPING_ATTACK_MIDDLE,Action.DAMAGE_AIR_2,17,1,2,0,4,1,32,5,,,
1955,-42.941372,27.2001,-57.205833,23.59144,False,True,Action.LOOPING_ATTACK_MIDDLE,Action.DAMAGE_AIR_2,17,1,2,0,4,1,32,5,,,
1956,-42.941372,27.2001,-60.130833,18.41644,False,True,Action.LOOPING_ATTACK_MIDDLE,Action.DAMAGE_AIR_2,17,1,2,0,4,1,32,5,,,
1957,-42.941372,27.2001,-63.26476,18.86383,False,True,Action.LOOPING_ATTACK_MIDDLE,Action.DAMAGE_AIR_2,18,2,2,0,4,1,32,5,,,
1958,-42.941372,27.2001,-63.458652,19.032488,False,True,Action.LOOPING_ATTACK_MIDDLE,Action.DAMAGE_AIR_2,19,3,2,0,4,1,32,5,,,
1959,-42.941372,27.2001,-63.637516,18.92241,False,True,Action.LOOPING_ATTACK_MIDDLE,Action.DAMAGE_AIR_2,20,4,2,0,4,1,32,5,,,
1960,-42.941372,27.2001,-63.80135,18.533596,False,True,Action.LOOPING_ATTACK_MIDDLE,Action.DAMAGE_AIR_2,21,5,2,0,4,1,32,5,,,
1961,-42.941372,27.2001,-63.95015,17.866049,False,True,Action.LOOPING_ATTACK_MIDDLE,Action.DAMAGE_AIR_2,22,6,2,0,4,1,32,5,,,
1962,-42.941372,27.2001,-64.08392,16.919767,False,True,Action.LOOPING_ATTACK_MIDDLE,Action.DAMAGE_AIR_2,23,7,2,0,4,1,32,5,,,
1963,-42.941372,27.2001,-64.20266,15.694751,False,True,Action.LOOPING_ATTACK_MIDDLE,Action.DAMAGE_AIR_2,24,8,2,0,4,1,32,5,,,
1964,-42.941372,27.2001,-64.306366,14.190999,False,True,Action.LOOPING_ATTACK_MIDDLE,Action.DAMAGE_AIR_2,25,9,2,0,4,1,32,5,,,
1965,-42.941372,27.2001,-64.39504,12.408513,False,True,Action.LOOPING_ATTACK_MIDDLE,Action.DAMAGE_AIR_2,26,10,2,0,4,1,32,5,,,
1966,-42.941372,27.2001,-64.46869,12.647292,False,False,Action.LOOPING_ATTACK_MIDDLE,Action.SWORD_DANCE_2_HIGH,27,1,2,0,4,1,32,5,,,
1967,-42.941372,27.2001,-64.527306,12.837337,False,False,Action.LOOPING_ATTACK_MIDDLE,Action.SWORD_DANCE_2_HIGH,28,2,2,0,4,1,32,5,,,
1968,-42.941372,27.2001,-64.57089,12.978646,False,False,Action.LOOPING_ATTACK_MIDDLE,Action.SWORD_DANCE_2_HIGH,29,3,2,0,4,1,32,5,,,
1969,-42.941372,27.2001,-64.59944,13.071221,False,False,Action.LOOPING_ATTACK_MIDDLE,Action.SWORD_DANCE_2_HIGH,30,4,2,0,4,1,32,5,,,
1970,-42.941372,27.2001,-64.61296,13.115062,False,False,Action.LOOPING_ATTACK_MIDDLE,Action.SWORD_DANCE_2_HIGH,31,5,2,0,4,1,32,5,,,
1971,-42.941372,27.2001,-64.61296,13.115062,False,False,Action.LOOPING_ATTACK_MIDDLE,Action.SWORD_DANCE_2_HIGH,32,6,2,0,4,1,32,5,,,
1972,-42.941372,27.2001,-64.61296,13.115062,False,False,Action.LOOPING_ATTACK_MIDDLE,Action.SWORD_DANCE_2_HIGH,33,7,2,0,4,1,32,5,,,
1973,-42.941372,27.2001,-64.61296,13.115062,False,False,Action.LOOPING_ATTACK_MIDDLE,Action.SWORD_DANCE_2_HIGH,34,8,2,0,4,1,32,5,,,
1974,-42.941372,27.2001,-64.61296,13.115062,False,False,Action.LOOPING_ATTACK_MIDDLE,Action.SWORD_DANCE_2_HIGH,35,9,2,0,4,1,32,5,,,
1975,-42.941372,27.2001,-64.61296,13.115062,False,False,Action.LOOPING_ATTACK_MIDDLE,Action.SWORD_DANCE_2_HIGH,36,10,2,0,4,1,32,5,,,
1976,-42.941372,27.2001,-64.61296,13.115062,False,False,Action.LOOPING_ATTACK_MIDDLE,Action.SWORD_DANCE_2_HIGH,1,11,2,0,4,1,32,5,,,
1977,-42.941372,27.2001,-64.61296,13.115062,False,False,Action.LOOPING_ATTACK_MIDDLE,Action.SWORD_DANCE_2_HIGH,2,12,2,0,4,1,32,5,,,
1978,-42.941372,27.2001,-64.61296,13.115062,False,False,Action.LOOPING_ATTACK_MIDDLE,Action.SWORD_DANCE_2_HIGH,3,13,2,0,4,1,32,5,,,
1979,-42.941372,27.2001,-64.61296,13.115062,False,False,Action.LOOPING_ATTACK_MIDDLE,Action.SWORD_DANCE_2_HIGH,4,14,2,0,4,1,32,5,,,
1980,-42.941372,27.2001,-64.61296,13.115062,False,False,Action.LOOPING_ATTACK_END,Action.SWORD_DANCE_2_HIGH,1,15,2,0,4,1,32,5,,,
1981,-42.941372,27.2001,-64.61296,13.098395,False,False,Action.LOOPING_ATTACK_END,Action.SWORD_DANCE_2_HIGH,2,16,2,0,4,1,32,5,,,
1982,-42.941372,27.2001,-64.61296,13.065062,False,False,Action.LOOPING_ATTACK_END,Action.SWORD_DANCE_2_HIGH,3,17,2,0,4,1,32,5,,,
1983,-42.941372,27.2001,-64.61296,13.015061,False,False,Action.LOOPING_ATTACK_END,Action.SWORD_DANCE_2_HIGH,4,18,2,0,4,1,32,5,,,
1984,-42.941372,27.2001,-64.61296,12.948395,False,False,Action.LOOPING_ATTACK_END,Action.SWORD_DANCE_2_HIGH,5,19,2,0,4,1,32,5,,,
1985,-42.941372,27.2001,-64.61296,12.948395,False,False,Action.LOOPING_ATTACK_END,Action.SWORD_DANCE_2_MID,6,1,2,0,4,1,32,5,,,
1986,-42.941372,27.2001,-66.54296,12.948395,False,False,Action.LOOPING_ATTACK_END,Action.SWORD_DANCE_3_HIGH,7,1,2,0,4,1,32,5,,,
1987,-42.941372,27.2001,-68.40296,12.948395,False,False,Action.LOOPING_ATTACK_END,Action.SWORD_DANCE_3_HIGH,8,2,2,0,4,1,32,5,,,
1988,-42.941372,27.2001,-70.19296,12.948395,False,False,Action.LOOPING_ATTACK_END,Action.SWORD_DANCE_3_HIGH,9,3,2,0,4,1,32,5,,,
1989,-42.941372,27.2001,-71.912964,12.948395,False,False,Action.STANDING,Action.SWORD_DANCE_3_HIGH,1,4,2,0,4,1,32,5,,,
1990,-42.941372,27.2001,-73.562965,12.948395,False,False,Action.STANDING,Action.SWORD_DANCE_3_HIGH,2,5,2,0,4,1,32,5,,,
1991,-42.941372,27.2001,-75.14297,12.868395,False,False,Action.STANDING,Action.SWORD_DANCE_3_HIGH,3,6,2,0,4,1,32,5,,,
1992,-42.941372,27.2001,-76.65297,12.708395,False,False,Action.STANDING,Action.SWORD_DANCE_3_HIGH,4,7,2,0,4,1,32,5,,,
1993,-42.941372,27.2001,-78.09297,12.468395,False,False,Action.STANDING,Action.SWORD_DANCE_3_HIGH,5,8,2,0,4,1,32,5,,,
1994,-42.941372,27.2001,-79.462975,12.148396,False,False,Action.STANDING,Action.SWORD_DANCE_3_HIGH,6,9,2,0,4,1,32,5,,,
1995,-42.941372,27.2001,-80.76298,11.748396,False,False,Action.STANDING,Action.SWORD_DANCE_3_HIGH,7,10,2,0,4,1,32,5,,,
1996,-42.941372,27.2001,-81.99297,11.268396,False,False,Action.STANDING,Action.SWORD_DANCE_3_HIGH,8,11,2,0,4,1,32,5,,,
1997,-42.941372,27.2001,-83.15297,10.708397,False,False,Action.STANDING,Action.SWORD_DANCE_3_HIGH,9,12,2,0,4,1,32,5,,,
1998,-42.941372,27.2001,-84.242966,10.068397,False,False,Action.STANDING,Action.SWORD_DANCE_3_HIGH,10,13,2,0,4,1,32,5,,,
1999,-42.941372,27.2001,-85.26296,9.348396,False,False,Action.STANDING,Action.SWORD_DANCE_3_HIGH,11,14,2,0,4,1,32,5,,,
2000,-42.941372,27.2001,-86.21296,8.548396,False,False,Action.CROUCH_START,Action.SWORD_DANCE_3_HIGH,1,15,2,0,4,1,32,5,,,
2001,-42.941372,27.2001,-87.09296,7.668396,False,False,Action.CROUCH_START,Action.SWORD_DANCE_3_HIGH,2,16,2,0,4,1,32,5,,,
2002,-42.941372,27.2001,-87.902954,6.708396,False,False,Action.CROUCH_START,Action.SWORD_DANCE_3_HIGH,3,17,2,0,4,1,32,5,,,
2003,-42.941372,26.5301,-88.64295,5.668396,False,False,Action.PLATFORM_DROP,Action.SWORD_DANCE_3_HIGH,0,18,1,0,4,1,32,5,,,
2004,-42.941372,25.6901,-89.31295,4.548396,False,False,Action.PLATFORM_DROP,Action.SWORD_DANCE_3_HIGH,1,19,1,0,4,1,32,5,,,
2005,-42.941372,24.6801,-89.91295,3.3483963,False,False,Action.PLATFORM_DROP,Action.SWORD_DANCE_3_HIGH,2,20,1,0,4,1,32,5,,,
2006,-42.941372,23.5001,-90.44295,2.0683963,False,False,Action.PLATFORM_DROP,Action.SWORD_DANCE_3_HIGH,3,21,1,0,4,1,32,5,,,
2007,-43.010983,22.150099,-90.90295,0.7083963,False,False,Action.PLATFORM_DROP,Action.SWORD_DANCE_3_HIGH,4,22,1,0,4,1,32,5,,,
2008,-43.1502,20.630098,-91.292946,-0.73160374,False,False,Action.PLATFORM_DROP,Action.SWORD_DANCE_3_HIGH,5,23,1,0,4,1,32,5,,,
2009,-43.359028,18.940098,-91.612946,-2.2516038,False,False,Action.PLATFORM_DROP,Action.SWORD_DANCE_3_HIGH,6,24,1,0,4,1,32,5,,,
2010,-43.637466,17.080097,-91.862946,-3.851604,False,False,Action.PLATFORM_DROP,Action.SWORD_DANCE_3_HIGH,7,25,1,0,4,1,32,5,,,
2011,-43.98551,15.050097,-92.042946,-5.5316043,False,False,Action.PLATFORM_DROP,Action.SWORD_DANCE_3_HIGH,8,26,1,0,4,1,32,5,,,
2012,-44.403168,12.850098,-92.15295,-7.2916045,False,False,Action.PLATFORM_DROP,Action.SWORD_DANCE_3_HIGH,9,27,1,0,4,1,32,5,,,
2013,-44.890434,10.480098,-92.19295,-9.131605,False,False,Action.PLATFORM_DROP,Action.SWORD_DANCE_3_HIGH,10,28,1,0,4,1,32,5,,,
2014,-45.447308,7.940098,-92.19295,-11.051605,False,False,Action.PLATFORM_DROP,Action.SWORD_DANCE_3_HIGH,11,29,1,0,4,1,32,5,,,
2015,-46.07379,5.230098,-92.19295,-13.051605,False,False,Action.PLATFORM_DROP,Action.SWORD_DANCE_3_HIGH,12,30,1,0,4,1,32,5,,,
2016,-46.769886,2.3500977,-92.19295,-15.131605,False,False,Action.PLATFORM_DROP,Action.SWORD_DANCE_3_HIGH,13,31,1,0,4,1,32,5,,,
2017,-47.53559,-0.69990253,-92.19295,-17.291605,False,False,Action.PLATFORM_DROP,Action.SWORD_DANCE_3_HIGH,14,32,1,0,4,1,32,5,,,
2018,-48.359108,-3.7999024,-92.19295,-19.531605,False,False,Action.PLATFORM_DROP,Action.SWORD_DANCE_3_HIGH,15,33,1,0,4,1,32,5,,,
2019,-49.182625,0.0001001358,-92.19295,-21.851604,False,False,Action.LANDING,Action.SWORD_DANCE_3_HIGH,1,34,2,0,4,1,32,5,,,
2020,-49.92614,1e-04,-92.19295,-24.251604,False,False,Action.LANDING,Action.SWORD_DANCE_3_HIGH,2,35,2,0,4,1,32,5,,,
2021,-50.589657,1e-04,-92.19295,-26.731604,False,False,Action.LANDING,Action.SWORD_DANCE_3_HIGH,3,36,2,0,4,1,32,5,,,
2022,-51.173172,1e-04,-92.19295,-29.291603,False,False,Action.LANDING,Action.SWORD_DANCE_3_HIGH,4,37,2,0,4,1,32,5,,,
2023,-51.795357,1e-04,-92.19295,-31.931602,False,False,Action.WALK_MIDDLE,Action.SWORD_DANCE_3_HIGH,1,38,2,0,4,1,32,5,,,
2024,-52.451267,1e-04,-92.19295,-34.651604,False,False,Action.WALK_MIDDLE,Action.SWORD_DANCE_3_HIGH,2,39,2,0,4,1,32,5,,,
2025,-53.13659,1e-04,-92.19295,-37.451603,False,False,Action.WALK_MIDDLE,Action.SWORD_DANCE_3_HIGH,3,40,2,0,4,1,32,5,,,
2026,-53.8463,1e-04,-92.12344,-40.251602,False,False,Action.WALK_MIDDLE,Action.DEAD_FALL,4,1,2,0,4,1,32,5,,,
2027,-54.57726,1e-04,-91.99944,-43.0516,False,False,Action.WALK_MIDDLE,Action.DEAD_FALL,5,2,2,0,4,1,32,5,,,
2028,-55.32674,1e-04,-91.830696,-45.8516,False,False,Action.WALK_MIDDLE,Action.DEAD_FALL,6,3,2,0,4,1,32,5,,,
2029,-56.092358,1e-04,-91.723946,-49.251602,False,False,Action.WALK_MIDDLE,Action.DEAD_FALL,7,4,2,0,4,1,32,5,,,
2030,-56.87204,1e-04,-91.6372,-52.651604,False,False,Action.WALK_MIDDLE,Action.DEAD_FALL,9,5,2,0,4,1,32,5,,,
2031,-57.57172,1e-04,-91.4892,-56.051605,False,False,Action.STANDING,Action.DEAD_FALL,1,6,2,0,4,1,32,5,,,
2032,-58.191402,1e-04,-91.39345,-59.451607,False,False,Action.STANDING,Action.DEAD_FALL,2,7,2,0,4,1,32,5,,,
2033,-58.731083,1e-04,-91.359695,-62.85161,False,False,Action.STANDING,Action.DEAD_FALL,3,8,2,0,4,1,32,5,,,
2034,-59.190765,1e-04,-91.371445,-66.25161,False,False,Action.STANDING,Action.DEAD_FALL,4,1,2,0,4,1,32,5,,,
2035,-59.570446,1e-04,-91.4452,-69.65161,False,False,Action.STANDING,Action.DEAD_FALL,5,2,2,0,4,1,32,5,,,
2036,-59.87013,1e-04,-91.59595,-73.05161,False,False,Action.STANDING,Action.DEAD_FALL,6,3,2,0,4,1,32,5,,,
2037,-60.08981,1e-04,-91.8087,-76.451614,False,False,Action.STANDING,Action.DEAD_FALL,7,4,2,0,4,1,32,5,,,
2038,-60.229492,1e-04,-92.0917,-79.851616,False,False,Action.STANDING,Action.DEAD_FALL,8,5,2,0,4,1,32,5,,,
2039,-60.289173,1e-04,-92.4367,-83.25162,False,False,Action.STANDING,Action.DEAD_FALL,9,6,2,0,4,1,32,5,,,
2040,-60.289173,1e-04,-92.84445,-86.65162,False,False,Action.STANDING,Action.DEAD_FALL,10,7,2,0,4,1,32,5,,,
2041,-60.289173,1e-04,-93.18495,-90.05162,False,False,Action.STANDING,Action.DEAD_FALL,11,8,2,0,4,1,32,5,,,
2042,-60.289173,1e-04,-93.60095,-93.45162,False,False,Action.STANDING,Action.DEAD_FALL,12,1,2,0,4,1,32,5,,,
2043,-60.289173,1e-04,-94.08045,-96.85162,False,False,Action.STANDING,Action.DEAD_FALL,13,2,2,0,4,1,32,5,,,
2044,-60.289173,1e-04,-94.5167,-100.251625,False,False,Action.STANDING,Action.DEAD_FALL,14,3,2,0,4,1,32,5,,,
2045,-60.289173,1e-04,-94.8737,-103.65163,False,False,Action.STANDING,Action.DEAD_FALL,15,4,2,0,4,1,32,5,,,
2046,-60.289173,1e-04,-95.281456,-107.05163,False,False,Action.STANDING,Action.DEAD_FALL,16,5,2,0,4,1,32,5,,,
2047,-60.289173,1e-04,-95.669205,-110.45163,False,False,Action.STANDING,Action.DEAD_DOWN,17,-1,2,0,4,0,32,5,,,
Frame,Opponent x,Opponent y,AI x,AI y,Opponent Facing,AI Facing,Opponent Action,AI Action,Opponent Action Frame,AI Action Frame,Opponent Jumps Left,AI Jumps Left,Opponent Stock,AI Stock,Opponent Percent,AI Percent,Buttons Pressed,Notes,Frame Process Time
-122,38.8,35.2,-38.8,35.2,False,True,Action.ENTRY,Action.ENTRY,-1,-1,1,1,4,4,0,0,,,
-121,38.8,35.2,-38.8,35.2,False,True,Action.ENTRY,Action.ENTRY,-1,-1,1,1,4,4,0,0,,,
-120,38.8,35.2,-38.8,35.2,False,True,Action.ENTRY,Action.ENTRY,-1,-1,1,1,4,4,0,0,,,
-119,38.8,35.2,-38.8,35.2,False,True,Action.ENTRY,Action.ENTRY,-1,-1,1,1,4,4,0,0,,,
-118,38.8,35.2,-38.8,35.244923,False,True,Action.ENTRY,Action.ENTRY_START,-1,1,1,1,4,4,0,0,,,
-117,38.8,35.2,-38.8,35.28984,False,True,Action.ENTRY,Action.ENTRY_START,-1,2,1,1,4,4,0,0,,,
-116,38.8,35.2,-38.8,35.334763,False,True,Action.ENTRY,Action.ENTRY_START,-1,3,1,1,4,4,0,0,,,
-115,38.8,35.2,-38.8,35.37968,False,True,Action.ENTRY,Action.ENTRY_START,-1,4,1,1,4,4,0,0,,,
-114,38.8,35.2,-38.8,35.424603,False,True,Action.ENTRY,Action.ENTRY_START,-1,5,1,1,4,4,0,0,,,
-113,38.8,35.242424,-38.8,35.469524,False,True,Action.ENTRY_START,Action.ENTRY_START,1,6,1,1,4,4,0,0,,,
-112,38.8,35.28485,-38.8,35.514442,False,True,Action.ENTRY_START,Action.ENTRY_START,2,7,1,1,4,4,0,0,,,
-111,38.8,35.327274,-38.8,35.559364,False,True,Action.ENTRY_START,Action.ENTRY_START,3,8,1,1,4,4,0,0,,,
-110,38.8,35.3697,-38.8,35.604282,False,True,Action.ENTRY_START,Action.ENTRY_START,4,9,1,1,4,4,0,0,,,
-109,38.8,35.412125,-38.8,35.649204,False,True,Action.ENTRY_START,Action.ENTRY_START,5,10,1,1,4,4,0,0,,,
-108,38.8,35.454548,-38.8,35.694126,False,True,Action.ENTRY_START,Action.ENTRY_START,6,11,1,1,4,4,0,0,,,
-107,38.8,35.496975,-38.8,35.739044,False,True,Action.ENTRY_START,Action.ENTRY_START,7,11,1,1,4,4,0,0,,,
-106,38.8,35.5394,-38.8,35.783966,False,True,Action.ENTRY_START,Action.ENTRY_START,8,11,1,1,4,4,0,0,,,
-105,38.8,35.581825,-38.8,35.828884,False,True,Action.ENTRY_START,Action.ENTRY_START,9,11,1,1,4,4,0,0,,,
-104,38.8,35.62425,-38.8,35.873806,False,True,Action.ENTRY_START,Action.ENTRY_START,10,11,1,1,4,4,0,0,,,
-103,38.8,35.66667,-38.8,35.918728,False,True,Action.ENTRY_START,Action.ENTRY_START,11,11,1,1,4,4,0,0,,,
-102,38.8,35.7091,-38.8,35.963646,False,True,Action.ENTRY_START,Action.ENTRY_START,11,11,1,1,4,4,0,0,,,
-101,38.8,35.751522,-38.8,36.008568,False,True,Action.ENTRY_START,Action.ENTRY_START,11,11,1,1,4,4,0,0,,,
-100,38.8,35.79395,-38.8,36.053486,False,True,Action.ENTRY_START,Action.ENTRY_START,11,11,1,1,4,4,0,0,,,
-99,38.8,35.836372,-38.8,36.098408,False,True,Action.ENTRY_START,Action.ENTRY_START,11,11,1,1,4,4,0,0,,,
-98,38.8,35.878796,-38.8,36.14333,False,True,Action.ENTRY_START,Action.ENTRY_START,11,11,1,1,4,4,0,0,,,
-97,38.8,35.921223,-38.8,36.188248,False,True,Action.ENTRY_START,Action.ENTRY_START,11,11,1,1,4,4,0,0,,,
-96,38.8,35.963646,-38.8,36.23317,False,True,Action.ENTRY_START,Action.ENTRY_START,11,11,1,1,4,4,0,0,,,
-95,38.8,36.006073,-38.8,36.278088,False,True,Action.ENTRY_START,Action.ENTRY_START,11,11,1,1,4,4,0,0,,,
-94,38.8,36.048496,-38.8,36.32301,False,True,Action.ENTRY_START,Action.ENTRY_START,11,11,1,1,4,4,0,0,,,
-93,38.8,36.09092,-38.8,36.36793,False,True,Action.ENTRY_START,Action.ENTRY_START,11,11,1,1,4,4,0,0,,,
-92,38.8,36.133347,-38.8,36.41285,False,True,Action.ENTRY_START,Action.ENTRY_START,11,11,1,1,4,4,0,0,,,
-91,38.8,36.17577,-38.8,36.45777,False,True,Action.ENTRY_START,Action.ENTRY_START,11,11,1,1,4,4,0,0,,,
-90,38.8,36.218197,-38.8,36.50269,False,True,Action.ENTRY_START,Action.ENTRY_START,11,11,1,1,4,4,0,0,,,
-89,38.8,36.26062,-38.8,36.54761,False,True,Action.ENTRY_START,Action.ENTRY_END,11,-1,1,1,4,4,0,0,,,
-88,38.8,36.303043,-38.8,36.50269,False,True,Action.ENTRY_START,Action.ENTRY_END,11,-1,1,1,4,4,0,0,,,
-87,38.8,36.34547,-38.8,36.45777,False,True,Action.ENTRY_START,Action.ENTRY_END,11,-1,1,1,4,4,0,0,,,
-86,38.8,36.387894,-38.8,36.41285,False,True,Action.ENTRY_START,Action.ENTRY_END,11,-1,1,1,4,4,0,0,,,
-85,38.8,36.43032,-38.8,36.36793,False,True,Action.ENTRY_START,Action.ENTRY_END,11,-1,1,1,4,4,0,0,,,
-84,38.8,36.472744,-38.8,36.32301,False,True,Action.ENTRY_END,Action.ENTRY_END,-1,-1,1,1,4,4,0,0,,,
-83,38.8,36.43032,-38.8,36.278088,False,True,Action.ENTRY_END,Action.ENTRY_END,-1,-1,1,1,4,4,0,0,,,
-82,38.8,36.387894,-38.8,36.23317,False,True,Action.ENTRY_END,Action.ENTRY_END,-1,-1,1,1,4,4,0,0,,,
-81,38.8,36.34547,-38.8,36.188248,False,True,Action.ENTRY_END,Action.ENTRY_END,-1,-1,1,1,4,4,0,0,,,
-80,38.8,36.303043,-38.8,36.14333,False,True,Action.ENTRY_END,Action.ENTRY_END,-1,-1,1,1,4,4,0,0,,,
-79,38.8,36.26062,-38.8,36.098408,False,True,Action.ENTRY_END,Action.ENTRY_END,-1,-1,1,1,4,4,0,0,,,
-78,38.8,36.218197,-38.8,36.053486,False,True,Action.ENTRY_END,Action.ENTRY_END,-1,-1,1,1,4,4,0,0,,,
-77,38.8,36.17577,-38.8,36.008568,False,True,Action.ENTRY_END,Action.ENTRY_END,-1,-1,1,1,4,4,0,0,,,
-76,38.8,36.133347,-38.8,35.963646,False,True,Action.ENTRY_END,Action.ENTRY_END,-1,-1,1,1,4,4,0,0,,,
-75,38.8,36.09092,-38.8,35.918728,False,True,Action.ENTRY_END,Action.ENTRY_END,-1,-1,1,1,4,4,0,0,,,
-74,38.8,36.048496,-38.8,35.873806,False,True,Action.ENTRY_END,Action.ENTRY_END,-1,-1,1,1,4,4,0,0,,,
-73,38.8,36.006073,-38.8,35.828884,False,True,Action.ENTRY_END,Action.ENTRY_END,-1,-1,1,1,4,4,0,0,,,
-72,38.8,35.963646,-38.8,35.783966,False,True,Action.ENTRY_END,Action.ENTRY_END,-1,-1,1,1,4,4,0,0,,,
-71,38.8,35.921223,-38.8,35.739044,False,True,Action.ENTRY_END,Action.ENTRY_END,-1,-1,1,1,4,4,0,0,,,
-70,38.8,35.878796,-38.8,35.694126,False,True,Action.ENTRY_END,Action.ENTRY_END,-1,-1,1,1,4,4,0,0,,,
-69,38.8,35.836372,-38.8,35.649204,False,True,Action.ENTRY_END,Action.ENTRY_END,-1,-1,1,1,4,4,0,0,,,
-68,38.8,35.79395,-38.8,35.604282,False,True,Action.ENTRY_END,Action.ENTRY_END,-1,-1,1,1,4,4,0,0,,,
-67,38.8,35.751522,-38.8,35.559364,False,True,Action.ENTRY_END,Action.ENTRY_END,-1,-1,1,1,4,4,0,0,,,
-66,38.8,35.7091,-38.8,35.514442,False,True,Action.ENTRY_END,Action.ENTRY_END,-1,-1,1,1,4,4,0,0,,,
-65,38.8,35.66667,-38.8,35.469524,False,True,Action.ENTRY_END,Action.ENTRY_END,-1,-1,1,1,4,4,0,0,,,
-64,38.8,35.62425,-38.8,35.424603,False,True,Action.ENTRY_END,Action.ENTRY_END,-1,-1,1,1,4,4,0,0,,,
-63,38.8,35.581825,-38.8,35.37968,False,True,Action.ENTRY_END,Action.ENTRY_END,-1,-1,1,1,4,4,0,0,,,
-62,38.8,35.5394,-38.8,35.334763,False,True,Action.ENTRY_END,Action.ENTRY_END,-1,-1,1,1,4,4,0,0,,,
-61,38.8,35.496975,-38.8,35.28984,False,True,Action.ENTRY_END,Action.ENTRY_END,-1,-1,1,1,4,4,0,0,,,
-60,38.8,35.454548,-38.8,35.244923,False,True,Action.ENTRY_END,Action.ENTRY_END,-1,-1,1,1,4,4,0,0,,,
-59,38.8,35.412125,-38.8,35.014923,False,True,Action.ENTRY_END,Action.FALLING,-1,1,1,1,4,4,0,0,,,
-58,38.8,35.3697,-38.8,34.554924,False,True,Action.ENTRY_END,Action.FALLING,-1,2,1,1,4,4,0,0,,,
-57,38.8,35.327274,-38.8,33.864925,False,True,Action.ENTRY_END,Action.FALLING,-1,3,1,1,4,4,0,0,,,
-56,38.8,35.28485,-38.8,32.944927,False,True,Action.ENTRY_END,Action.FALLING,-1,4,1,1,4,4,0,0,,,
-55,38.8,35.242424,-38.8,31.794928,False,True,Action.ENTRY_END,Action.FALLING,-1,5,1,1,4,4,0,0,,,
-54,38.8,35.072426,-38.8,30.414928,False,True,Action.FALLING,Action.FALLING,1,6,1,1,4,4,0,0,,,
-53,38.8,34.732426,-38.8,28.804928,False,True,Action.FALLING,Action.FALLING,2,7,1,1,4,4,0,0,,,
-52,38.8,34.222427,-38.8,26.964928,False,True,Action.FALLING,Action.FALLING,3,8,1,1,4,4,0,0,,,
-51,38.8,33.542427,-38.8,24.894928,False,True,Action.FALLING,Action.FALLING,4,1,1,1,4,4,0,0,,,
-50,38.8,32.69243,-38.8,27.2001,False,True,Action.FALLING,Action.LANDING,5,1,1,2,4,4,0,0,,,
-49,38.8,31.672428,-38.8,27.2001,False,True,Action.FALLING,Action.LANDING,6,2,1,2,4,4,0,0,,,
-48,38.8,30.482428,-38.8,27.2001,False,True,Action.FALLING,Action.LANDING,7,3,1,2,4,4,0,0,,,
-47,38.8,29.122427,-38.8,27.2001,False,True,Action.FALLING,Action.LANDING,8,4,1,2,4,4,0,0,,,
-46,38.8,27.592426,-38.8,27.2001,False,True,Action.FALLING,Action.LANDING,1,5,1,2,4,4,0,0,,,
-45,38.8,25.892426,-38.8,27.2001,False,True,Action.FALLING,Action.LANDING,2,6,1,2,4,4,0,0,,,
-44,38.8,24.022427,-38.8,27.2001,False,True,Action.FALLING,Action.LANDING,3,7,1,2,4,4,0,0,,,
-43,38.8,27.2001,-38.8,27.2001,False,True,Action.LANDING,Action.LANDING,1,8,2,2,4,4,0,0,,,
-42,38.8,27.2001,-38.8,27.2001,False,True,Action.LANDING,Action.LANDING,2,9,2,2,4,4,0,0,,,
-41,38.8,27.2001,-38.8,27.2001,False,True,Action.LANDING,Action.LANDING,3,10,2,2,4,4,0,0,,,
-40,38.8,27.2001,-38.8,27.2001,False,True,Action.LANDING,Action.LANDING,4,11,2,2,4,4,0,0,,,
-39,38.556248,27.2001,-38.8,27.2001,False,True,Action.WALK_SLOW,Action.UPSMASH,1,1,2,2,4,4,0,0,,,
-38,38.220146,27.2001,-38.8,27.2001,False,True,Action.WALK_SLOW,Action.UPSMASH,2,2,2,2,4,4,0,0,,,
-37,37.802876,27.2001,-38.8,27.2001,False,True,Action.WALK_SLOW,Action.UPSMASH,3,3,2,2,4,4,0,0,,,
-36,37.31427,27.2001,-38.8,27.2001,False,True,Action.WALK_SLOW,Action.UPSMASH,4,4,2,2,4,4,0,0,,,
-35,36.76297,27.2001,-38.8,27.2001,False,True,Action.WALK_SLOW,Action.UPSMASH,6,5,2,2,4,4,0,0,,,
-34,36.156567,27.2001,-38.8,27.2001,False,True,Action.WALK_SLOW,Action.UPSMASH,8,6,2,2,4,4,0,0,,,
-33,35.501736,27.2001,-38.8,27.2001,False,True,Action.WALK_MIDDLE,Action.UPSMASH,8,7,2,2,4,4,0,0,,,
-32,34.80434,27.2001,-38.8,27.2001,False,True,Action.WALK_MIDDLE,Action.UPSMASH,9,8,2,2,4,4,0,0,,,
-31,34.06954,27.2001,-38.8,27.2001,False,True,Action.WALK_MIDDLE,Action.UPSMASH,10,9,2,2,4,4,0,0,,,
-30,33.301857,27.2001,-38.8,27.2001,False,True,Action.WALK_MIDDLE,Action.UPSMASH,11,10,2,2,4,4,0,0,,,
-29,32.505283,27.2001,-38.8,27.2001,False,True,Action.WALK_MIDDLE,Action.UPSMASH,12,11,2,2,4,4,0,0,,,
-28,31.683313,27.2001,-38.8,27.2001,False,True,Action.WALK_MIDDLE,Action.UPSMASH,14,12,2,2,4,4,0,0,,,
-27,30.839024,27.2001,-38.8,27.2001,False,True,Action.WALK_MIDDLE,Action.UPSMASH,15,13,2,2,4,4,0,0,,,
-26,29.975117,27.2001,-38.8,27.2001,False,True,Action.WALK_MIDDLE,Action.UPSMASH,16,14,2,2,4,4,0,0,,,
-25,29.09397,27.2001,-38.8,27.2001,False,True,Action.WALK_MIDDLE,Action.UPSMASH,18,15,2,2,4,4,0,0,,,
-24,28.19767,27.2001,-38.8,27.2001,False,True,Action.WALK_MIDDLE,Action.UPSMASH,19,16,2,2,4,4,0,0,,,
-23,27.288054,27.2001,-38.8,27.2001,False,True,Action.WALK_MIDDLE,Action.UPSMASH,21,17,2,2,4,4,0,0,,,
-22,26.366734,27.2001,-38.8,27.2001,False,True,Action.WALK_MIDDLE,Action.UPSMASH,22,18,2,2,4,4,0,0,,,
-21,25.435127,27.2001,-38.8,27.2001,False,True,Action.WALK_MIDDLE,Action.UPSMASH,24,19,2,2,4,4,0,0,,,
-20,24.49448,27.2001,-38.8,27.2001,False,True,Action.WALK_MIDDLE,Action.UPSMASH,26,20,2,2,4,4,0,0,,,
-19,23.545887,27.2001,-38.8,27.2001,False,True,Action.WALK_MIDDLE,Action.UPSMASH,27,21,2,2,4,4,0,0,,,
-18,22.677294,27.2001,-38.8,27.2001,False,True,Action.KNEE_BEND,Action.UPSMASH,1,22,2,2,4,4,0,0,,,
-17,21.8887,27.2001,-38.8,27.2001,False,True,Action.KNEE_BEND,Action.UPSMASH,2,23,2,2,4,4,0,0,,,
-16,21.180107,27.2001,-38.8,27.2001,False,True,Action.KNEE_BEND,Action.UPSMASH,3,24,2,2,4,4,0,0,,,
-15,20.551514,27.2001,-38.8,27.2001,False,True,Action.KNEE_BEND,Action.UPSMASH,4,25,2,2,4,4,0,0,,,
-14,20.00292,27.2001,-38.8,27.2001,False,True,Action.KNEE_BEND,Action.UPSMASH,5,26,2,2,4,4,0,0,,,
-13,18.759796,31.3001,-38.8,27.2001,False,True,Action.JUMPING_FORWARD,Action.UPSMASH,1,27,1,2,4,4,0,0,,,
-12,17.53667,35.2301,-38.8,27.2001,False,True,Action.JUMPING_FORWARD,Action.UPSMASH,2,28,1,2,4,4,0,0,,,
-11,16.333546,38.990097,-38.8,27.2001,False,True,Action.JUMPING_FORWARD,Action.UPSMASH,3,29,1,2,4,4,0,0,,,
-10,15.150421,42.580097,-38.8,27.2001,False,True,Action.JUMPING_FORWARD,Action.UPSMASH,4,30,1,2,4,4,0,0,,,
-9,13.987297,46.000095,-38.8,27.2001,False,True,Action.JUMPING_FORWARD,Action.UPSMASH,5,31,1,2,4,4,0,0,,,
-8,12.8441725,49.250095,-38.8,27.2001,False,True,Action.JUMPING_FORWARD,Action.UPSMASH,6,32,1,2,4,4,0,0,,,
-7,11.721048,52.330093,-38.8,27.2001,False,True,Action.JUMPING_FORWARD,Action.UPSMASH,7,33,1,2,4,4,0,0,,,
-6,10.617924,55.240093,-38.8,27.2001,False,True,Action.JUMPING_FORWARD,Action.UPSMASH,8,34,1,2,4,4,0,0,,,
-5,9.5348,57.98009,-38.8,27.2001,False,True,Action.JUMPING_FORWARD,Action.UPSMASH,9,35,1,2,4,4,0,0,,,
-4,8.471675,60.55009,-38.8,27.2001,False,True,Action.JUMPING_FORWARD,Action.UPSMASH,10,36,1,2,4,4,0,0,,,
-3,7.4285502,62.95009,-38.8,27.2001,False,True,Action.JUMPING_FORWARD,Action.UPSMASH,11,37,1,2,4,4,0,0,,,
-2,6.4054255,65.180084,-38.8,27.2001,False,True,Action.JUMPING_FORWARD,Action.UPSMASH,12,38,1,2,4,4,0,0,,,
-1,5.402301,67.24008,-38.8,27.2001,False,True,Action.JUMPING_FORWARD,Action.UPSMASH,13,39,1,2,4,4,0,0,,,
0,4.419176,69.13008,-38.8,27.2001,False,True,Action.JUMPING_FORWARD,Action.UPSMASH,14,40,1,2,4,4,0,0,,,
1,3.4560513,70.85008,-38.8,27.2001,False,True,Action.JUMPING_FORWARD,Action.UPSMASH,15,41,1,2,4,4,0,0,,,
2,2.5129266,72.40008,-38.8,27.2001,False,True,Action.JUMPING_FORWARD,Action.UPSMASH,16,1,1,2,4,4,0,0,,,
3,1.5898018,73.780075,-38.8,27.2001,False,True,Action.JUMPING_FORWARD,Action.UPSMASH,17,2,1,2,4,4,0,0,,,
4,0.686677,74.990074,-38.8,27.2001,False,True,Action.JUMPING_FORWARD,Action.UPSMASH,18,2,1,2,4,4,0,0,,,
5,-0.19644785,76.030075,-38.8,27.2001,False,True,Action.JUMPING_FORWARD,Action.UPSMASH,19,2,1,2,4,4,0,0,,,
6,-1.0595727,76.90008,-38.8,27.2001,False,True,Action.JUMPING_FORWARD,Action.UPSMASH,20,2,1,2,4,4,0,0,,,
7,-1.9026976,77.600075,-38.8,27.2001,False,True,Action.JUMPING_FORWARD,Action.UPSMASH,21,3,1,2,4,4,0,0,,,
8,-2.7258224,78.13007,-38.8,27.2001,False,True,Action.JUMPING_FORWARD,Action.UPSMASH,22,4,1,2,4,4,0,0,,,
9,-3.5289474,78.490074,-38.8,27.2001,False,True,Action.JUMPING_FORWARD,Action.UPSMASH,23,5,1,2,4,4,0,0,,,
10,-4.3120723,78.68008,-38.8,27.2001,False,True,Action.JUMPING_FORWARD,Action.UPSMASH,24,6,1,2,4,4,0,0,,,
11,-5.075197,78.70007,-38.8,27.2001,False,True,Action.JUMPING_FORWARD,Action.UPSMASH,25,7,1,2,4,4,0,0,,,
12,-5.818322,78.55007,-38.8,27.2001,False,True,Action.JUMPING_FORWARD,Action.UPSMASH,26,8,1,2,4,4,0,0,,,
13,-6.631057,78.23007,-38.8,27.2001,False,True,Action.JUMPING_FORWARD,Action.UPSMASH,27,9,1,2,4,4,0,0,,,
14,-7.454572,77.740074,-38.8,27.2001,False,True,Action.JUMPING_FORWARD,Action.UPSMASH,28,10,1,2,4,4,0,0,,,
15,-8.278088,77.08007,-38.8,27.2001,False,True,Action.JUMPING_FORWARD,Action.UPSMASH,29,11,1,2,4,4,0,0,,,
16,-9.1016035,76.25007,-38.8,27.2001,False,True,Action.JUMPING_FORWARD,Action.UPSMASH,30,12,1,2,4,4,0,0,,,
17,-9.925119,75.25007,-38.8,27.2001,False,True,Action.JUMPING_FORWARD,Action.UPSMASH,31,13,1,2,4,4,0,0,,,
18,-10.748635,74.08007,-38.8,27.2001,False,True,Action.JUMPING_FORWARD,Action.UPSMASH,32,14,1,2,4,4,0,0,,,
19,-11.572151,72.74007,-38.8,27.2001,False,True,Action.JUMPING_FORWARD,Action.UPSMASH,33,15,1,2,4,4,0,0,,,
20,-12.395667,71.230064,-38.8,27.2001,False,True,Action.JUMPING_FORWARD,Action.UPSMASH,34,16,1,2,4,4,0,0,,,
21,-13.219183,69.550064,-38.8,27.2001,False,True,Action.JUMPING_FORWARD,Action.UPSMASH,35,17,1,2,4,4,0,0,,,
22,-14.042699,67.700066,-38.8,27.2001,False,True,Action.JUMPING_FORWARD,Action.UPSMASH,36,18,1,2,4,4,0,0,,,
23,-14.866215,65.68006,-38.8,27.2001,False,True,Action.JUMPING_FORWARD,Action.UPSMASH,37,19,1,2,4,4,0,0,,,
24,-15.689731,63.49006,-38.8,27.2001,False,True,Action.JUMPING_FORWARD,Action.UPSMASH,38,20,1,2,4,4,0,0,,,
25,-16.513247,61.13006,-38.8,27.2001,False,True,Action.JUMPING_FORWARD,Action.UPSMASH,39,21,1,2,4,4,0,0,,,
26,-17.336761,58.600056,-38.8,27.2001,False,True,Action.JUMPING_FORWARD,Action.UPSMASH,40,22,1,2,4,4,0,0,,,
27,-18.160276,55.900055,-38.8,27.2001,False,True,Action.FALLING,Action.UPSMASH,1,23,1,2,4,4,0,0,,,
28,-18.983791,53.030052,-38.8,27.2001,False,True,Action.FALLING,Action.UPSMASH,2,24,1,2,4,4,0,0,,,
29,-19.807306,49.99005,-38.8,27.2001,False,True,Action.FALLING,Action.UPSMASH,3,25,1,2,4,4,0,0,,,
30,-20.630821,46.890053,-38.8,27.2001,False,True,Action.FALLING,Action.UPSMASH,4,26,1,2,4,4,0,0,,,
31,-21.454336,43.790054,-38.8,27.2001,False,True,Action.FALLING,Action.UPSMASH,5,27,1,2,4,4,0,0,,,
32,-22.277851,40.690056,-38.8,27.2001,False,True,Action.FALLING,Action.UPSMASH,6,28,1,2,4,4,0,0,,,
33,-23.081367,37.590057,-38.8,27.2001,False,True,Action.FALLING,Action.UPSMASH,7,29,1,2,4,4,0,0,,,
34,-23.864883,34.49006,-38.8,27.2001,False,True,Action.FALLING,Action.UPSMASH,8,30,1,2,4,4,0,0,,,
35,-24.628399,31.390059,-38.8,27.2001,False,True,Action.FALLING,Action.UPSMASH,1,31,1,2,4,4,0,0,,,
36,-25.371914,28.290058,-38.8,27.2001,False,True,Action.FALLING,Action.UPSMASH,2,32,1,2,4,4,0,0,,,
37,-26.09543,25.190058,-38.8,27.2001,False,True,Action.FALLING,Action.UPSMASH,3,33,1,2,4,4,0,0,,,
38,-26.798946,27.2001,-38.8,27.2001,False,True,Action.LANDING,Action.UPSMASH,1,34,2,2,4,4,0,0,,,
39,-27.422462,27.2001,-38.8,27.2001,False,True,Action.LANDING,Action.UPSMASH,2,35,2,2,4,4,0,0,,,
40,-27.965979,27.2001,-38.8,27.2001,False,True,Action.LANDING,Action.UPSMASH,3,36,2,2,4,4,0,0,,,
41,-28.429495,27.2001,-38.8,27.2001,False,True,Action.LANDING,Action.UPSMASH,4,37,2,2,4,4,0,0,,,
42,-28.813011,27.2001,-38.8,27.2001,False,True,Action.LANDING,Action.UPSMASH,5,38,2,2,4,4,0,0,,,
43,-29.116528,27.2001,-38.8,27.2001,False,True,Action.FTILT_MID,Action.UPSMASH,1,39,2,2,4,4,0,0,,,
44,-29.340044,27.2001,-38.8,27.2001,False,True,Action.FTILT_MID,Action.UPSMASH,2,40,2,2,4,4,0,0,,,
45,-29.48356,27.2001,-38.8,27.2001,False,True,Action.FTILT_MID,Action.UPSMASH,3,41,2,2,4,4,0,0,,,
46,-29.547077,27.2001,-38.8,27.2001,False,False,Action.FTILT_MID,Action.NEUTRAL_B_ATTACKING_AIR,4,1,2,2,4,4,0,0,,,
47,-29.547077,27.2001,-38.8,27.2001,False,True,Action.FTILT_MID,Action.DAMAGE_NEUTRAL_2,5,1,2,2,4,4,0,9,,,
48,-29.547077,27.2001,-38.8,27.2001,False,True,Action.FTILT_MID,Action.DAMAGE_NEUTRAL_2,5,1,2,2,4,4,0,9,,,
49,-29.547077,27.2001,-43.0,27.2001,False,True,Action.FTILT_MID,Action.DAMAGE_NEUTRAL_2,5,1,2,2,4,4,0,9,,,
50,-29.547077,27.2001,-43.0,27.2001,False,True,Action.FTILT_MID,Action.DAMAGE_NEUTRAL_2,5,1,2,2,4,4,0,9,,,
51,-29.547077,27.2001,-43.0,27.2001,False,True,Action.FTILT_MID,Action.DAMAGE_NEUTRAL_2,5,1,2,2,4,4,0,9,,,
52,-29.547077,27.2001,-43.0,27.2001,False,True,Action.FTILT_MID,Action.DAMAGE_NEUTRAL_2,5,1,2,2,4,4,0,9,,,
53,-29.547077,27.2001,-40.8101,27.2001,False,True,Action.FTILT_MID,Action.DAMAGE_NEUTRAL_2,6,2,2,2,4,4,0,9,,,
54,-29.547077,27.2001,-41.4277,27.2001,False,True,Action.FTILT_MID,Action.DAMAGE_NEUTRAL_2,7,3,2,2,4,4,0,9,,,
55,-29.547077,27.2001,-41.9653,27.2001,False,True,Action.FTILT_MID,Action.DAMAGE_NEUTRAL_2,8,4,2,2,4,4,0,9,,,
56,-29.547077,27.2001,-42.4229,27.2001,False,True,Action.FTILT_MID,Action.DAMAGE_NEUTRAL_2,9,5,2,2,4,4,0,9,,,
57,-29.547077,27.2001,-42.800503,27.2001,False,True,Action.FTILT_MID,Action.DAMAGE_NEUTRAL_2,10,6,2,2,4,4,0,9,,,
58,-29.547077,27.2001,-43.098103,27.2001,False,True,Action.FTILT_MID,Action.DAMAGE_NEUTRAL_2,11,7,2,2,4,4,0,9,,,
59,-29.547077,27.2001,-43.315704,27.2001,False,True,Action.FTILT_MID,Action.DAMAGE_NEUTRAL_2,12,8,2,2,4,4,0,9,,,
60,-29.547077,27.2001,-43.453304,27.2001,False,True,Action.FTILT_MID,Action.DAMAGE_NEUTRAL_2,13,9,2,2,4,4,0,9,,,
61,-29.547077,27.2001,-43.510906,27.2001,False,True,Action.FTILT_MID,Action.DAMAGE_NEUTRAL_2,14,10,2,2,4,4,0,9,,,
62,-29.547077,27.2001,-43.510906,27.2001,False,True,Action.FTILT_MID,Action.NEUTRAL_B_ATTACKING_AIR,15,1,2,2,4,4,0,9,,,
63,-29.547077,27.2001,-43.510906,27.2001,False,True,Action.FTILT_MID,Action.NEUTRAL_B_ATTACKING_AIR,16,2,2,2,4,4,0,9,,,
64,-29.547077,27.2001,-43.510906,27.2001,False,True,Action.FTILT_MID,Action.NEUTRAL_B_ATTACKING_AIR,17,3,2,2,4,4,0,9,,,
65,-29.547077,27.2001,-43.510906,27.2001,False,True,Action.FTILT_MID,Action.NEUTRAL_B_ATTACKING_AIR,18,4,2,2,4,4,0,9,,,
66,-29.547077,27.2001,-43.510906,27.2001,False,True,Action.FTILT_MID,Action.NEUTRAL_B_ATTACKING_AIR,19,5,2,2,4,4,0,9,,,
67,-29.547077,27.2001,-43.510906,27.2001,False,True,Action.FTILT_MID,Action.NEUTRAL_B_ATTACKING_AIR,20,6,2,2,4,4,0,9,,,
68,-29.547077,27.2001,-43.510906,27.2001,False,True,Action.FTILT_MID,Action.NEUTRAL_B_ATTACKING_AIR,21,7,2,2,4,4,0,9,,,
69,-29.547077,27.2001,-43.510906,27.2001,False,True,Action.FTILT_MID,Action.NEUTRAL_B_ATTACKING_AIR,22,8,2,2,4,4,0,9,,,
70,-29.547077,27.2001,-43.510906,27.2001,False,True,Action.FTILT_MID,Action.NEUTRAL_B_ATTACKING_AIR,23,9,2,2,4,4,0,9,,,
71,-29.547077,27.2001,-43.510906,27.2001,False,True,Action.FTILT_MID,Action.NEUTRAL_B_ATTACKING_AIR,24,10,2,2,4,4,0,9,,,
72,-29.547077,27.2001,-43.510906,27.2001,False,True,Action.FTILT_MID,Action.NEUTRAL_B_ATTACKING_AIR,25,11,2,2,4,4,0,9,,,
73,-29.547077,27.2001,-43.510906,27.2001,False,True,Action.FTILT_MID,Action.NEUTRAL_B_ATTACKING_AIR,26,12,2,2,4,4,0,9,,,
74,-29.547077,27.2001,-43.510906,27.2001,False,True,Action.STANDING,Action.NEUTRAL_B_ATTACKING_AIR,1,13,2,2,4,4,0,9,,,
75,-29.547077,27.2001,-43.510906,27.2001,False,True,Action.STANDING,Action.NEUTRAL_B_ATTACKING_AIR,2,14,2,2,4,4,0,9,,,
76,-29.547077,27.2001,-43.510906,27.2001,False,True,Action.STANDING,Action.NEUTRAL_B_ATTACKING_AIR,3,15,2,2,4,4,0,9,,,
77,-29.547077,27.2001,-43.510906,27.2001,False,True,Action.STANDING,Action.NEUTRAL_B_ATTACKING_AIR,4,16,2,2,4,4,0,9,,,
78,-29.547077,27.2001,-43.510906,27.2001,False,True,Action.STANDING,Action.NEUTRAL_B_ATTACKING_AIR,5,17,2,2,4,4,0,9,,,
79,-29.547077,27.2001,-43.510906,27.2001,False,True,Action.STANDING,Action.NEUTRAL_B_ATTACKING_AIR,6,18,2,2,4,4,0,9,,,
80,-29.547077,27.2001,-43.510906,27.2001,False,True,Action.STANDING,Action.NEUTRAL_B_ATTACKING_AIR,7,19,2,2,4,4,0,9,,,
81,-29.547077,27.2001,-43.510906,27.2001,False,True,Action.STANDING,Action.NEUTRAL_B_FULL_CHARGE_AIR,8,1,2,2,4,4,0,9,,,
82,-29.547077,27.2001,-24.790905,27.2001,False,True,Action.STANDING,Action.NEUTRAL_B_FULL_CHARGE_AIR,9,2,2,2,4,4,0,9,,,
83,-29.847076,27.2001,-15.280907,27.2001,False,True,Action.STANDING,Action.SWORD_DANCE_2_MID,10,3,2,0,4,4,0,9,,,
84,-29.847076,27.2001,-13.350906,27.2001,False,True,Action.SHIELD_STUN,Action.SWORD_DANCE_3_HIGH,0,1,2,0,4,4,0,9,,,
85,-29.847076,27.2001,-11.490907,27.2001,False,True,Action.SHIELD_STUN,Action.SWORD_DANCE_3_HIGH,0,2,2,0,4,4,0,9,,,
86,-29.847076,27.2001,-9.700907,27.2001,False,True,Action.SHIELD_STUN,Action.SWORD_DANCE_3_HIGH,0,3,2,0,4,4,0,9,,,
87,-29.847076,27.2001,-7.980907,27.2001,False,True,Action.SHIELD_STUN,Action.SWORD_DANCE_3_HIGH,0,4,2,0,4,4,0,9,,,
88,-29.847076,27.2001,-6.3309073,27.2001,False,True,Action.SHIELD_STUN,Action.SWORD_DANCE_3_HIGH,0,5,2,0,4,4,0,9,,,
89,-30.797077,27.2001,-4.750908,27.1201,False,True,Action.SHIELD_STUN,Action.SWORD_DANCE_3_HIGH,3,6,2,0,4,4,0,9,,,
90,-31.667078,27.2001,-3.2409081,26.9601,False,True,Action.SHIELD_STUN,Action.SWORD_DANCE_3_HIGH,7,7,2,0,4,4,0,9,,,
91,-32.457077,27.2001,-1.8009086,26.7201,False,True,Action.SHIELD_STUN,Action.SWORD_DANCE_3_HIGH,11,8,2,0,4,4,0,9,,,
92,-33.167076,27.2001,-0.43090904,26.4001,False,True,Action.SHIELD_STUN,Action.SWORD_DANCE_3_HIGH,15,9,2,0,4,4,0,9,,,
93,-33.797077,27.2001,0.86909044,26.000101,False,True,Action.SHIELD_STUN,Action.SWORD_DANCE_3_HIGH,19,10,2,0,4,4,0,9,,,
94,-34.347076,27.2001,2.0990899,25.520102,False,True,Action.SHIELD,Action.SWORD_DANCE_3_HIGH,-1,11,2,0,4,4,0,9,,,
95,-34.817078,27.2001,3.2590892,24.960102,False,True,Action.SHIELD,Action.SWORD_DANCE_3_HIGH,-1,12,2,0,4,4,0,9,,,
96,-35.207077,27.2001,4.3490887,24.320103,False,True,Action.SPOTDODGE,Action.SWORD_DANCE_3_HIGH,1,13,2,0,4,4,0,9,,,
97,-35.51708,27.2001,5.369088,23.600103,False,True,Action.SPOTDODGE,Action.SWORD_DANCE_3_HIGH,2,14,2,0,4,4,0,9,,,
98,-35.747078,27.2001,6.3190875,22.800104,False,True,Action.SPOTDODGE,Action.SWORD_DANCE_3_HIGH,3,15,2,0,4,4,0,9,,,
99,-35.89708,27.2001,7.1990867,21.920105,False,True,Action.SPOTDODGE,Action.SWORD_DANCE_3_HIGH,4,16,2,0,4,4,0,9,,,
100,-35.96708,27.2001,8.009086,20.960106,False,True,Action.SPOTDODGE,Action.SWORD_DANCE_3_HIGH,5,17,2,0,4,4,0,9,,,
101,-35.96708,27.2001,8.749084,19.920107,False,True,Action.SPOTDODGE,Action.SWORD_DANCE_3_HIGH,6,18,2,0,4,4,0,9,,,
102,-35.96708,27.2001,9.419084,18.800106,False,True,Action.SPOTDODGE,Action.SWORD_DANCE_3_HIGH,7,19,2,0,4,4,0,9,,,
103,-35.96708,27.2001,10.019083,17.600105,False,True,Action.SPOTDODGE,Action.SWORD_DANCE_3_HIGH,8,20,2,0,4,4,0,9,,,
104,-35.96708,27.2001,10.549083,16.320105,False,True,Action.SPOTDODGE,Action.SWORD_DANCE_3_HIGH,9,21,2,0,4,4,0,9,,,
105,-35.96708,27.2001,11.009082,14.960105,False,True,Action.SPOTDODGE,Action.SWORD_DANCE_3_HIGH,10,22,2,0,4,4,0,9,,,
106,-35.96708,27.2001,11.399081,13.520105,False,True,Action.SPOTDODGE,Action.SWORD_DANCE_3_HIGH,11,23,2,0,4,4,0,9,,,
107,-35.96708,27.2001,11.719081,12.000105,False,True,Action.SPOTDODGE,Action.SWORD_DANCE_3_HIGH,12,24,2,0,4,4,0,9,,,
108,-35.96708,27.2001,11.96908,10.4001045,False,True,Action.SPOTDODGE,Action.SWORD_DANCE_3_HIGH,13,25,2,0,4,4,0,9,,,
109,-35.96708,27.2001,12.149079,8.720104,False,True,Action.SPOTDODGE,Action.SWORD_DANCE_3_HIGH,14,26,2,0,4,4,0,9,,,
110,-35.96708,27.2001,12.259079,6.960104,False,True,Action.SPOTDODGE,Action.SWORD_DANCE_3_HIGH,15,27,2,0,4,4,0,9,,,
111,-35.96708,27.2001,12.299078,5.120104,False,True,Action.SPOTDODGE,Action.SWORD_DANCE_3_HIGH,16,28,2,0,4,4,0,9,,,
112,-35.96708,27.2001,12.299078,3.2001035,False,True,Action.SPOTDODGE,Action.SWORD_DANCE_3_HIGH,17,29,2,0,4,4,0,9,,,
113,-35.96708,27.2001,12.299078,1.2001033,False,True,Action.SPOTDODGE,Action.SWORD_DANCE_3_HIGH,18,30,2,0,4,4,0,9,,,
114,-35.96708,27.2001,12.299078,-0.8798969,False,True,Action.SPOTDODGE,Action.SWORD_DANCE_3_HIGH,19,31,2,0,4,4,0,9,,,
115,-35.96708,27.2001,12.299078,-3.039897,False,True,Action.SPOTDODGE,Action.SWORD_DANCE_3_HIGH,20,32,2,0,4,4,0,9,,,
116,-35.96708,27.2001,12.299078,0.0001001358,False,True,Action.SPOTDODGE,Action.LANDING_SPECIAL,21,1,2,2,4,4,0,9,,,
117,-35.96708,27.2001,12.299078,1e-04,False,True,Action.SPOTDODGE,Action.LANDING_SPECIAL,22,2,2,2,4,4,0,9,,,
118,-35.96708,27.2001,12.299078,1e-04,False,True,Action.TURNING,Action.LANDING_SPECIAL,1,4,2,2,4,4,0,9,,,
119,-35.96708,27.2001,12.299078,1e-04,False,True,Action.TURNING,Action.LANDING_SPECIAL,2,5,2,2,4,4,0,9,,,
120,-35.96708,27.2001,12.299078,1e-04,False,True,Action.TURNING,Action.LANDING_SPECIAL,3,7,2,2,4,4,0,9,,,
121,-35.96708,27.2001,12.299078,1e-04,False,True,Action.TURNING,Action.LANDING_SPECIAL,4,8,2,2,4,4,0,9,,,
122,-35.96708,27.2001,12.299078,1e-04,False,True,Action.TURNING,Action.LANDING_SPECIAL,5,10,2,2,4,4,0,9,,,
123,-35.96708,27.2001,12.299078,1e-04,True,True,Action.TURNING,Action.LANDING_SPECIAL,6,11,2,2,4,4,0,9,,,
124,-35.96708,27.2001,12.299078,1e-04,True,True,Action.TURNING,Action.LANDING_SPECIAL,7,13,2,2,4,4,0,9,,,
125,-35.96708,27.2001,12.299078,1e-04,True,True,Action.TURNING,Action.LANDING_SPECIAL,8,14,2,2,4,4,0,9,,,
126,-35.96708,27.2001,12.299078,1e-04,True,True,Action.TURNING,Action.LANDING_SPECIAL,9,16,2,2,4,4,0,9,,,
127,-35.96708,27.2001,12.299078,1e-04,True,True,Action.TURNING,Action.LANDING_SPECIAL,10,17,2,2,4,4,0,9,,,
128,-35.96708,27.2001,12.299078,1e-04,True,True,Action.TURNING,Action.LANDING_SPECIAL,11,19,2,2,4,4,0,9,,,
129,-35.96708,27.2001,12.299078,1e-04,True,True,Action.STANDING,Action.LANDING_SPECIAL,1,20,2,2,4,4,0,9,,,
130,-35.96708,27.2001,12.299078,1e-04,True,True,Action.STANDING,Action.LANDING_SPECIAL,2,22,2,2,4,4,0,9,,,
131,-35.96708,27.2001,12.299078,1e-04,True,True,Action.STANDING,Action.LANDING_SPECIAL,3,23,2,2,4,4,0,9,,,
132,-35.96708,27.2001,12.299078,1e-04,True,True,Action.STANDING,Action.LANDING_SPECIAL,4,25,2,2,4,4,0,9,,,
133,-35.96708,27.2001,12.299078,1e-04,True,True,Action.STANDING,Action.LANDING_SPECIAL,5,26,2,2,4,4,0,9,,,
134,-35.96708,27.2001,12.299078,1e-04,True,True,Action.STANDING,Action.LANDING_SPECIAL,6,28,2,2,4,4,0,9,,,
135,-35.96708,27.2001,12.299078,1e-04,True,True,Action.STANDING,Action.LANDING_SPECIAL,7,29,2,2,4,4,0,9,,,
136,-35.96708,27.2001,12.299078,1e-04,True,True,Action.STANDING,Action.SPOTDODGE,8,1,2,2,4,4,0,9,,,
137,-35.96708,27.2001,12.299078,1e-04,True,True,Action.STANDING,Action.SPOTDODGE,9,2,2,2,4,4,0,9,,,
138,-35.96708,27.2001,12.299078,1e-04,True,True,Action.STANDING,Action.SPOTDODGE,10,3,2,2,4,4,0,9,,,
139,-35.96708,27.2001,12.299078,1e-04,True,True,Action.STANDING,Action.SPOTDODGE,11,4,2,2,4,4,0,9,,,
140,-35.96708,27.2001,12.299078,1e-04,True,True,Action.STANDING,Action.SPOTDODGE,12,5,2,2,4,4,0,9,,,
141,-35.96708,27.2001,12.299078,1e-04,True,True,Action.STANDING,Action.SPOTDODGE,13,6,2,2,4,4,0,9,,,
142,-35.96708,27.2001,12.299078,1e-04,True,True,Action.STANDING,Action.SPOTDODGE,14,7,2,2,4,4,0,9,,,
143,-35.96708,27.2001,12.299078,1e-04,True,True,Action.STANDING,Action.SPOTDODGE,15,8,2,2,4,4,0,9,,,
144,-35.96708,27.2001,12.299078,1e-04,True,True,Action.STANDING,Action.SPOTDODGE,16,9,2,2,4,4,0,9,,,
145,-35.96708,27.2001,12.299078,1e-04,True,True,Action.STANDING,Action.SPOTDODGE,17,10,2,2,4,4,0,9,,,
146,-35.810387,27.2001,12.299078,1e-04,True,True,Action.WALK_SLOW,Action.SPOTDODGE,1,11,2,2,4,4,0,9,,,
147,-35.60367,27.2001,12.299078,1e-04,True,True,Action.WALK_SLOW,Action.SPOTDODGE,2,12,2,2,4,4,0,9,,,
148,-35.35366,27.2001,12.299078,1e-04,True,True,Action.WALK_SLOW,Action.SPOTDODGE,2,13,2,2,4,4,0,9,,,
149,-35.065437,27.2001,12.299078,1e-04,True,True,Action.WALK_SLOW,Action.SPOTDODGE,3,14,2,2,4,4,0,9,,,
150,-34.742867,27.2001,12.299078,1e-04,True,True,Action.WALK_SLOW,Action.SPOTDODGE,4,15,2,2,4,4,0,9,,,
151,-34.388924,27.2001,12.299078,1e-04,True,True,Action.WALK_SLOW,Action.SPOTDODGE,5,16,2,2,4,4,0,9,,,
152,-34.005913,27.2001,12.299078,1e-04,True,True,Action.WALK_SLOW,Action.SPOTDODGE,7,17,2,2,4,4,0,9,,,
153,-33.595634,27.2001,12.299078,1e-04,True,True,Action.WALK_SLOW,Action.SPOTDODGE,8,18,2,2,4,4,0,9,,,
154,-33.159504,27.2001,12.299078,1e-04,True,True,Action.WALK_SLOW,Action.SPOTDODGE,10,19,2,2,4,4,0,9,,,
155,-32.69864,27.2001,12.299078,1e-04,True,True,Action.WALK_SLOW,Action.SPOTDODGE,12,20,2,2,4,4,0,9,,,
156,-32.213924,27.2001,12.299078,1e-04,True,True,Action.WALK_SLOW,Action.SPOTDODGE,14,21,2,2,4,4,0,9,,,
157,-31.70607,27.2001,12.299078,1e-04,True,True,Action.WALK_SLOW,Action.SPOTDODGE,16,22,2,2,4,4,0,9,,,
158,-31.175638,27.2001,12.2990265,1e-04,True,False,Action.WALK_SLOW,Action.FSMASH_MID,18,1,2,2,4,4,0,9,,,
159,-30.62308,27.2001,12.298902,1e-04,True,False,Action.WALK_SLOW,Action.FSMASH_MID,20,2,2,2,4,4,0,9,,,
160,-30.048756,27.2001,12.298748,1e-04,True,False,Action.WALK_SLOW,Action.FSMASH_MID,22,3,2,2,4,4,0,9,,,
161,-29.452955,27.2001,12.298609,1e-04,True,False,Action.WALK_MIDDLE,Action.FSMASH_MID,18,4,2,2,4,4,0,9,,,
162,-28.83591,27.2001,12.298529,1e-04,True,False,Action.WALK_MIDDLE,Action.FSMASH_MID,19,5,2,2,4,4,0,9,,,
163,-28.197803,27.2001,12.298551,1e-04,True,False,Action.WALK_MIDDLE,Action.FSMASH_MID,20,6,2,2,4,4,0,9,,,
164,-27.538782,27.2001,12.298719,1e-04,True,False,Action.WALK_MIDDLE,Action.FSMASH_MID,21,7,2,2,4,4,0,9,,,
165,-26.85896,27.2001,12.299078,1e-04,True,False,Action.WALK_MIDDLE,Action.FSMASH_MID,22,8,2,2,4,4,0,9,,,
166,-26.158424,27.2001,10.9565,1e-04,True,False,Action.WALK_MIDDLE,Action.FSMASH_MID,23,9,2,2,4,4,0,9,,,
167,-25.437246,27.2001,9.613922,1e-04,True,False,Action.WALK_MIDDLE,Action.FSMASH_MID,24,10,2,2,4,4,0,9,,,
168,-24.695477,27.2001,8.271344,1e-04,True,False,Action.WALK_MIDDLE,Action.FSMASH_MID,25,11,2,2,4,4,0,9,,,
169,-23.933155,27.2001,6.928766,1e-04,True,False,Action.WALK_MIDDLE,Action.FSMASH_MID,27,12,2,2,4,4,0,9,,,
170,-23.150305,27.2001,5.586188,1e-04,True,False,Action.WALK_MIDDLE,Action.FSMASH_MID,28,13,2,2,4,4,0,9,,,
171,-22.346945,27.2001,4.24361,1e-04,True,False,Action.WALK_MIDDLE,Action.FSMASH_MID,29,14,2,2,4,4,0,9,,,
172,-21.623585,27.2001,3.2470765,1e-04,True,False,Action.STANDING,Action.FSMASH_MID,1,15,2,2,4,4,0,9,,,
173,-20.980225,27.2001,2.250543,1e-04,True,False,Action.STANDING,Action.FSMASH_MID,2,16,2,2,4,4,0,9,,,
174,-20.416864,27.2001,1.2540107,1e-04,True,False,Action.STANDING,Action.FSMASH_MID,3,17,2,2,4,4,0,9,,,
175,-19.933504,27.2001,0.25747728,1e-04,True,False,Action.STANDING,Action.FSMASH_MID,4,18,2,2,4,4,0,9,,,
176,-20.0,27.2001,-0.7390561,1e-04,True,False,Action.EDGE_TEETERING_START,Action.FSMASH_MID,1,19,2,2,4,4,0,9,,,
177,-20.0,27.2001,-1.7355895,1e-04,True,False,Action.EDGE_TEETERING_START,Action.FSMASH_MID,2,20,2,2,4,4,0,9,,,
178,-20.0,27.2001,-2.732122,1e-04,True,False,Action.EDGE_TEETERING_START,Action.FSMASH_MID,3,21,2,2,4,4,0,9,,,
179,-20.0,27.2001,-3.7286563,1e-04,True,False,Action.EDGE_TEETERING_START,Action.FSMASH_MID,4,22,2,2,4,4,0,9,,,
180,-20.0,27.2001,-4.7251887,1e-04,True,False,Action.EDGE_TEETERING_START,Action.FSMASH_MID,5,23,2,2,4,4,0,9,,,
181,-20.0,27.2001,-5.721721,1e-04,True,False,Action.EDGE_TEETERING_START,Action.FSMASH_MID,6,24,2,2,4,4,0,9,,,
182,-20.0,27.2001,-6.7182555,1e-04,True,False,Action.CROUCH_START,Action.FSMASH_MID,1,25,2,2,4,4,0,9,,,
183,-20.0,27.2001,-7.714788,1e-04,True,False,Action.CROUCH_START,Action.FSMASH_MID,2,26,2,2,4,4,0,9,,,
184,-20.0,27.2001,-8.711323,1e-04,True,False,Action.CROUCH_START,Action.FSMASH_MID,3,27,2,2,4,4,0,9,,,
185,-20.0,26.5301,-9.707855,1e-04,True,False,Action.PLATFORM_DROP,Action.FSMASH_MID,0,28,1,2,4,4,0,9,,,
186,-20.0,25.6901,-10.704388,1e-04,True,False,Action.PLATFORM_DROP,Action.FSMASH_MID,1,29,1,2,4,4,0,9,,,
187,-20.0,24.6801,-11.700922,1e-04,True,False,Action.PLATFORM_DROP,Action.FSMASH_MID,2,30,1,2,4,4,0,9,,,
188,-20.0,23.5001,-11.700922,1e-04,True,False,Action.PLATFORM_DROP,Action.FSMASH_MID,3,31,1,2,4,4,0,9,,,
189,-19.93,22.150099,-11.700922,1e-04,True,False,Action.PLATFORM_DROP,Action.FSMASH_MID,4,32,1,2,4,4,0,9,,,
190,-19.79,20.630098,-11.700922,1e-04,True,False,Action.PLATFORM_DROP,Action.FSMASH_MID,5,33,1,2,4,4,0,9,,,
191,-19.580002,18.940098,-11.700922,1e-04,True,False,Action.PLATFORM_DROP,Action.FSMASH_MID,6,34,1,2,4,4,0,9,,,
192,-19.300001,17.080097,-11.700922,1e-04,True,False,Action.PLATFORM_DROP,Action.FSMASH_MID,7,35,1,2,4,4,0,9,,,
193,-18.95,15.050097,-11.700922,1e-04,True,False,Action.PLATFORM_DROP,Action.FSMASH_MID,8,36,1,2,4,4,0,9,,,
194,-18.53,12.850098,-11.700922,1e-04,True,False,Action.PLATFORM_DROP,Action.FSMASH_MID,9,37,1,2,4,4,0,9,,,
195,-18.04,10.480098,-11.700922,1e-04,True,False,Action.PLATFORM_DROP,Action.FSMASH_MID,10,38,1,2,4,4,0,9,,,
196,-17.480001,7.940098,-11.700922,1e-04,True,False,Action.PLATFORM_DROP,Action.FSMASH_MID,11,39,1,2,4,4,0,9,,,
197,-16.850002,5.230098,-11.700922,1e-04,True,False,Action.PLATFORM_DROP,Action.SHIELD_START,12,-1,1,2,4,4,0,9,,,
198,-16.150002,2.3500977,-11.700922,1e-04,True,False,Action.PLATFORM_DROP,Action.SPOTDODGE,13,1,1,2,4,4,0,9,,,
199,-15.380001,-0.69990253,-11.700922,1e-04,True,False,Action.PLATFORM_DROP,Action.SPOTDODGE,14,2,1,2,4,4,0,9,,,
200,-14.550001,-3.7999024,-11.700922,1e-04,True,False,Action.PLATFORM_DROP,Action.SPOTDODGE,15,3,1,2,4,4,0,9,,,
201,-13.720001,0.0001001358,-11.700922,1e-04,True,False,Action.LANDING,Action.SPOTDODGE,1,4,2,2,4,4,0,9,,,
202,-13.270001,1e-04,-11.700922,1e-04,True,False,Action.LANDING,Action.SPOTDODGE,2,5,2,2,4,4,0,9,,,
203,-12.900002,1e-04,-11.700922,1e-04,True,False,Action.LANDING,Action.SPOTDODGE,3,6,2,2,4,4,0,9,,,
204,-12.610002,1e-04,-11.700922,1e-04,True,False,Action.LANDING,Action.SPOTDODGE,4,7,2,2,4,4,0,9,,,
205,-12.400002,1e-04,-11.700922,1e-04,True,False,Action.LANDING,Action.SPOTDODGE,5,8,2,2,4,4,0,9,,,
206,-12.270001,1e-04,-11.700922,1e-04,True,False,Action.LANDING,Action.SPOTDODGE,6,9,2,2,4,4,0,9,,,
207,-12.220001,1e-04,-11.700922,1e-04,True,False,Action.LANDING,Action.SPOTDODGE,7,10,2,2,4,4,0,9,,,
208,-12.250001,1e-04,-11.700922,1e-04,True,False,Action.LANDING,Action.SPOTDODGE,8,11,2,2,4,4,0,9,,,
209,-12.360001,1e-04,-11.700922,1e-04,True,False,Action.LANDING,Action.SPOTDODGE,9,12,2,2,4,4,0,9,,,
210,-12.550001,1e-04,-11.700922,1e-04,True,False,Action.LANDING,Action.SPOTDODGE,10,13,2,2,4,4,0,9,,,
211,-12.820002,1e-04,-11.700922,1e-04,True,False,Action.LANDING,Action.SPOTDODGE,11,14,2,2,4,4,0,9,,,
212,-13.120002,1e-04,-11.700922,1e-04,True,False,Action.LANDING,Action.SPOTDODGE,12,15,2,2,4,4,0,9,,,
213,-13.420002,1e-04,-11.700922,1e-04,True,False,Action.LANDING,Action.SPOTDODGE,13,16,2,2,4,4,0,9,,,
214,-13.720002,1e-04,-11.700922,1e-04,True,False,Action.LANDING,Action.SPOTDODGE,14,17,2,2,4,4,0,9,,,
215,-14.020002,1e-04,-11.700922,1e-04,True,False,Action.NEUTRAL_ATTACK_1,Action.SPOTDODGE,1,18,2,2,4,4,0,9,,,
216,-14.320003,1e-04,-11.700922,1e-04,True,False,Action.NEUTRAL_ATTACK_1,Action.DAMAGE_NEUTRAL_1,2,1,2,1,4,4,0,13,,,
217,-14.320003,1e-04,-15.900922,0.0001001358,True,False,Action.NEUTRAL_ATTACK_1,Action.DAMAGE_NEUTRAL_1,2,1,2,1,4,4,0,13,,,
218,-14.320003,1e-04,-15.900922,0.0001001358,True,False,Action.NEUTRAL_ATTACK_1,Action.DAMAGE_NEUTRAL_1,2,1,2,1,4,4,0,13,,,
219,-14.320003,1e-04,-15.900922,0.0001001358,True,False,Action.NEUTRAL_ATTACK_1,Action.DAMAGE_NEUTRAL_1,2,1,2,1,4,4,0,13,,,
220,-14.320003,1e-04,-16.832687,9.9897385e-05,True,False,Action.NEUTRAL_ATTACK_1,Action.LANDING,3,1,2,2,4,4,0,13,,,
221,-14.020002,1e-04,-16.981953,1e-04,True,False,Action.NEUTRAL_ATTACK_1,Action.LANDING,4,2,2,2,4,4,0,13,,,
222,-13.720002,1e-04,-17.211218,1e-04,True,False,Action.NEUTRAL_ATTACK_1,Action.LANDING,5,3,2,2,4,4,0,13,,,
223,-13.420002,1e-04,-17.511217,1e-04,True,False,Action.NEUTRAL_ATTACK_1,Action.LANDING,6,4,2,2,4,4,0,13,,,
224,-13.120002,1e-04,-17.811216,1e-04,True,False,Action.NEUTRAL_ATTACK_1,Action.KNEE_BEND,7,1,2,2,4,4,0,13,,,
225,-12.820002,1e-04,-18.111216,1e-04,True,False,Action.NEUTRAL_ATTACK_1,Action.KNEE_BEND,8,2,2,2,4,4,0,13,,,
226,-12.520001,1e-04,-18.411215,1e-04,True,False,Action.NEUTRAL_ATTACK_1,Action.KNEE_BEND,9,3,2,2,4,4,0,13,,,
227,-12.520001,1e-04,-18.751215,1e-04,False,False,Action.DAMAGE_FLY_LOW,Action.DOWN_B_STUN,1,1,1,1,4,4,5,13,,,
228,-12.520001,6.0001,-18.751215,1e-04,False,False,Action.DAMAGE_FLY_LOW,Action.DOWN_B_STUN,1,1,1,1,4,4,5,13,,,
229,-12.520001,6.0001,-18.751215,1e-04,False,False,Action.DAMAGE_FLY_LOW,Action.DOWN_B_STUN,1,1,1,1,4,4,5,13,,,
230,-12.520001,6.0001,-18.751215,1e-04,False,False,Action.DAMAGE_FLY_LOW,Action.DOWN_B_STUN,1,1,1,1,4,4,5,13,,,
231,-12.520001,6.0001,-19.071215,1e-04,False,False,Action.DAMAGE_FLY_LOW,Action.DOWN_B_STUN,1,2,1,1,4,4,5,13,,,
232,-12.520001,6.0001,-19.371214,1e-04,False,False,Action.DAMAGE_FLY_LOW,Action.DOWN_B_STUN,1,3,1,1,4,4,5,13,,,
233,-10.117668,5.8301,-19.651215,1e-04,False,False,Action.DAMAGE_FLY_LOW,Action.DOWN_B_AIR,2,1,1,1,4,4,5,13,,,
234,-7.766335,5.4901,-20.261215,4.1861005,False,False,Action.DAMAGE_FLY_LOW,Action.JUMPING_ARIAL_FORWARD,3,1,1,0,4,4,5,13,,,
235,-5.466002,4.9800997,-20.851215,8.142101,False,False,Action.DAMAGE_FLY_LOW,Action.DAIR,4,1,1,0,4,4,5,13,,,
236,-3.216669,4.3001,-21.421215,11.868101,False,False,Action.DAMAGE_FLY_LOW,Action.DAIR,5,2,1,0,4,4,5,13,,,
237,-1.0183363,3.4501,-22.002214,15.364101,False,False,Action.DAMAGE_FLY_LOW,Action.DAIR,6,3,1,0,4,4,5,13,,,
238,1.1289964,2.4301,-22.583214,18.630102,False,False,Action.DAMAGE_FLY_LOW,Action.DAIR,7,4,1,0,4,4,5,13,,,
239,3.225329,1.2401,-23.091713,21.666103,False,False,Action.DAMAGE_FLY_LOW,Action.DAIR,8,5,1,0,4,4,5,13,,,
240,5.2706614,-0.11989987,-23.662212,24.472103,False,False,Action.DAMAGE_FLY_LOW,Action.DAIR,9,6,1,0,4,4,5,13,,,
241,7.2649937,-1.6498997,-24.212713,27.048103,False,False,Action.DAMAGE_FLY_LOW,Action.DAIR,10,7,1,0,4,4,5,13,,,
242,9.208326,-3.3498995,-24.695963,29.394104,False,False,Action.DAMAGE_FLY_LOW,Action.DAIR,11,8,1,0,4,4,5,13,,,
243,11.100658,0.0001001358,-25.238962,31.510105,False,False,Action.TECH_MISS_UP,Action.DAIR,1,9,2,0,4,4,5,13,,,
244,12.912991,1e-04,-25.707212,33.396107,False,False,Action.TECH_MISS_UP,Action.DAIR,2,10,2,0,4,4,5,13,,,
245,14.645323,1e-04,-26.107462,35.05211,False,False,Action.TECH_MISS_UP,Action.DAIR,3,11,2,0,4,4,5,13,,,
246,16.326654,1e-04,-26.585463,36.478107,False,False,Action.TECH_MISS_UP,Action.DAIR,4,12,1,0,4,4,5,13,,,
247,17.956987,1e-04,-27.006712,37.674107,False,False,Action.TECH_MISS_UP,Action.DAIR,5,13,1,0,4,4,5,13,,,
248,19.53632,1e-04,-27.503462,38.640106,False,False,Action.TECH_MISS_UP,Action.DAIR,6,14,1,0,4,4,5,13,,,
249,21.064651,1e-04,-27.980211,39.376106,False,False,Action.TECH_MISS_UP,Action.DAIR,7,15,1,0,4,4,5,13,,,
250,22.541985,1e-04,-28.436962,39.882107,False,False,Action.TECH_MISS_UP,Action.DAIR,8,16,1,0,4,4,5,13,,,
251,23.968317,1e-04,-28.955711,40.158108,False,False,Action.TECH_MISS_UP,Action.DAIR,9,17,1,0,4,4,5,13,,,
252,25.343649,1e-04,-29.454462,40.20411,False,False,Action.TECH_MISS_UP,Action.DAIR,10,18,1,0,4,4,5,13,,,
253,26.667982,1e-04,-30.030962,40.02011,False,False,Action.TECH_MISS_UP,Action.DAIR,11,19,1,0,4,4,5,13,,,
254,27.941315,1e-04,-30.539461,39.60611,False,False,Action.TECH_MISS_UP,Action.DAIR,12,20,1,0,4,4,5,13,,,
255,29.163647,1e-04,-30.96796,38.96211,False,False,Action.TECH_MISS_UP,Action.DAIR,13,21,1,0,4,4,5,13,,,
256,30.33498,1e-04,-31.35396,35.562107,False,False,Action.TECH_MISS_UP,Action.DAIR,14,22,1,0,4,4,5,13,,,
257,31.455313,1e-04,-31.81171,32.162106,False,False,Action.TECH_MISS_UP,Action.DAIR,15,23,1,0,4,4,5,13,,,
258,32.524647,1e-04,-32.21946,28.762106,False,False,Action.TECH_MISS_UP,Action.DAIR,16,24,1,0,4,4,5,13,,,
259,33.54298,1e-04,-32.70646,25.362106,False,False,Action.TECH_MISS_UP,Action.DAIR,17,25,1,0,4,4,5,13,,,
260,34.51031,1e-04,-33.25546,27.2001,False,False,Action.TECH_MISS_UP,Action.DAIR_LANDING,18,1,1,2,4,4,5,13,,,
261,35.426643,1e-04,-33.724457,27.2001,False,False,Action.TECH_MISS_UP,Action.DAIR_LANDING,19,4,1,2,4,4,5,13,,,
262,36.291977,1e-04,-34.113457,27.2001,False,False,Action.TECH_MISS_UP,Action.DAIR_LANDING,20,7,1,2,4,4,5,13,,,
263,37.106308,1e-04,-34.422455,27.2001,False,False,Action.TECH_MISS_UP,Action.DAIR_LANDING,21,11,1,2,4,4,5,13,,,
264,37.86964,1e-04,-34.651455,27.2001,False,False,Action.TECH_MISS_UP,Action.DAIR_LANDING,22,14,1,2,4,4,5,13,,,
265,38.55297,1e-04,-34.800453,27.2001,False,False,Action.TECH_MISS_UP,Action.DAIR_LANDING,23,17,2,2,4,4,5,13,,,
266,39.156303,1e-04,-34.869453,27.2001,False,False,Action.TECH_MISS_UP,Action.DAIR_LANDING,24,21,2,2,4,4,5,13,,,
267,39.679634,1e-04,-34.869453,27.2001,False,False,Action.TECH_MISS_UP,Action.DAIR_LANDING,25,24,2,2,4,4,5,13,,,
268,40.122967,1e-04,-34.869453,27.2001,False,False,Action.TECH_MISS_UP,Action.DAIR_LANDING,26,27,2,2,4,4,5,13,,,
269,40.486298,1e-04,-34.869453,27.2001,False,False,Action.GROUND_GETUP,Action.KNEE_BEND,1,1,2,2,4,4,5,13,,,
270,40.76963,1e-04,-34.869453,27.2001,False,False,Action.GROUND_GETUP,Action.KNEE_BEND,2,2,2,2,4,4,5,13,,,
271,40.97296,1e-04,-34.869453,27.2001,False,False,Action.GROUND_GETUP,Action.KNEE_BEND,3,3,2,2,4,4,5,13,,,
272,41.096294,1e-04,-35.479454,31.3861,False,False,Action.GROUND_GETUP,Action.JUMPING_ARIAL_FORWARD,4,1,2,0,4,4,5,13,,,
273,41.139626,1e-04,-35.764454,31.3861,False,False,Action.GROUND_GETUP,Action.DOWN_B_STUN,5,1,2,0,4,4,5,13,,,
274,41.139626,1e-04,-36.029453,31.3861,False,False,Action.GROUND_GETUP,Action.DOWN_B_STUN,6,2,2,0,4,4,5,13,,,
275,41.139626,1e-04,-36.274452,31.3861,False,False,Action.GROUND_GETUP,Action.DOWN_B_STUN,7,3,2,0,4,4,5,13,,,
276,41.139626,1e-04,-36.49945,31.3861,False,False,Action.GROUND_GETUP,Action.DOWN_B_AIR,8,1,2,0,4,4,5,13,,,
277,41.139626,1e-04,-36.704453,31.359434,False,False,Action.GROUND_GETUP,Action.DOWN_B_AIR,9,2,2,0,4,4,5,13,,,
278,41.139626,1e-04,-36.889454,31.3061,False,False,Action.GROUND_GETUP,Action.DOWN_B_AIR,10,3,2,0,4,4,5,13,,,
279,41.139626,1e-04,-37.054455,31.2261,False,False,Action.GROUND_GETUP,Action.DOWN_B_AIR,11,4,2,0,4,4,5,13,,,
280,41.139626,1e-04,-37.199455,31.119434,False,False,Action.GROUND_GETUP,Action.DOWN_B_AIR,12,5,2,0,4,4,5,13,,,
281,41.139626,1e-04,-37.324455,30.986101,False,True,Action.GROUND_GETUP,Action.MARTH_COUNTER,13,1,2,0,4,4,5,13,,,
282,41.139626,1e-04,-37.429455,30.826101,False,True,Action.GROUND_GETUP,Action.MARTH_COUNTER,14,2,2,0,4,4,5,13,,,
283,41.139626,1e-04,-37.514454,30.639435,False,True,Action.GROUND_GETUP,Action.MARTH_COUNTER,15,3,2,0,4,4,5,13,,,
284,41.139626,1e-04,-37.579453,30.426102,False,False,Action.GROUND_GETUP,Action.MARTH_COUNTER,16,1,2,0,4,4,5,13,,,
285,41.139626,1e-04,-37.62445,30.186102,False,False,Action.GROUND_GETUP,Action.MARTH_COUNTER,17,2,2,0,4,4,5,13,,,
286,41.139626,1e-04,-37.649452,29.919436,False,False,Action.GROUND_GETUP,Action.MARTH_COUNTER,18,3,2,0,4,4,5,13,,,
287,41.139626,1e-04,-37.654453,29.626102,False,False,Action.GROUND_GETUP,Action.DOWN_B_AIR,19,1,2,0,4,4,5,13,,,
288,41.139626,1e-04,-37.654453,29.306103,False,False,Action.GROUND_GETUP,Action.DOWN_B_AIR,20,2,2,0,4,4,5,13,,,
289,41.139626,1e-04,-37.654453,28.959436,False,False,Action.GROUND_GETUP,Action.DOWN_B_AIR,21,3,2,0,4,4,5,13,,,
290,41.139626,1e-04,-37.654453,28.586103,False,False,Action.GROUND_GETUP,Action.DOWN_B_AIR,22,4,2,0,4,4,5,13,,,
291,41.139626,1e-04,-37.654453,28.186104,False,False,Action.GROUND_GETUP,Action.DOWN_B_AIR,23,5,2,0,4,4,5,13,,,
292,41.139626,1e-04,-37.654453,27.759438,False,False,Action.GROUND_GETUP,Action.DOWN_B_AIR,24,6,2,0,4,4,5,13,,,
293,41.139626,1e-04,-37.654453,27.306105,False,True,Action.GROUND_GETUP,Action.MARTH_COUNTER,25,1,2,0,4,4,5,13,,,
294,41.139626,1e-04,-37.654453,26.826105,False,True,Action.GROUND_GETUP,Action.MARTH_COUNTER,26,2,2,0,4,4,5,13,,,
295,41.139626,1e-04,-37.654453,26.319439,False,True,Action.GROUND_GETUP,Action.MARTH_COUNTER,27,3,2,0,4,4,5,13,,,
296,41.139626,1e-04,-37.654453,25.786106,False,True,Action.GROUND_GETUP,Action.SHINE_RELEASE_AIR,28,1,2,0,4,4,5,13,,,
297,41.139626,1e-04,-37.654453,25.226107,False,True,Action.GROUND_GETUP,Action.SHINE_RELEASE_AIR,29,2,2,0,4,4,5,13,,,
298,41.139626,1e-04,-37.654453,24.63944,False,True,Action.GROUND_GETUP,Action.SHINE_RELEASE_AIR,30,3,2,0,4,4,5,13,,,
299,40.952126,1e-04,-37.654453,24.026108,False,True,Action.WALK_SLOW,Action.SHINE_RELEASE_AIR,1,4,2,0,4,4,5,13,,,
300,40.697483,1e-04,-37.654453,23.386108,False,True,Action.WALK_SLOW,Action.SHINE_RELEASE_AIR,2,5,2,0,4,4,5,13,,,
301,40.383556,1e-04,-37.654453,27.2001,False,True,Action.WALK_SLOW,Action.SWORD_DANCE_3_LOW_AIR,2,6,2,2,4,4,5,13,,,
302,40.01676,1e-04,-37.654453,27.2001,False,True,Action.WALK_SLOW,Action.SWORD_DANCE_3_LOW_AIR,3,7,2,2,4,4,5,13,,,
303,39.602367,1e-04,-37.654453,27.2001,False,True,Action.WALK_SLOW,Action.SWORD_DANCE_3_LOW_AIR,5,8,2,2,4,4,5,13,,,
304,39.14471,1e-04,-37.654453,27.2001,False,True,Action.WALK_SLOW,Action.SWORD_DANCE_3_LOW_AIR,6,9,2,2,4,4,5,13,,,
305,38.64739,1e-04,-37.654453,27.2001,False,True,Action.WALK_SLOW,Action.SWORD_DANCE_3_LOW_AIR,8,10,2,2,4,4,5,13,,,
306,38.11338,1e-04,-37.654453,27.2001,False,True,Action.WALK_SLOW,Action.SWORD_DANCE_3_LOW_AIR,10,11,2,2,4,4,5,13,,,
307,37.54517,1e-04,-37.654453,27.2001,False,True,Action.WALK_SLOW,Action.SWORD_DANCE_3_LOW_AIR,12,12,2,2,4,4,5,13,,,
308,36.944836,1e-04,-37.654453,27.2001,False,True,Action.WALK_MIDDLE,Action.SWORD_DANCE_3_LOW_AIR,11,13,2,2,4,4,5,13,,,
309,36.314117,1e-04,-37.654453,27.2001,False,True,Action.WALK_MIDDLE,Action.SWORD_DANCE_3_LOW_AIR,12,14,2,2,4,4,5,13,,,
310,35.654476,1e-04,-37.654453,27.2001,False,True,Action.WALK_MIDDLE,Action.SWORD_DANCE_3_LOW_AIR,13,15,2,2,4,4,5,13,,,
311,34.967148,1e-04,-37.654453,27.2001,False,True,Action.WALK_MIDDLE,Action.SWORD_DANCE_3_LOW_AIR,14,16,2,2,4,4,5,13,,,
312,34.25317,1e-04,-37.654453,27.2001,False,True,Action.WALK_MIDDLE,Action.SWORD_DANCE_3_LOW_AIR,15,17,2,2,4,4,5,13,,,
313,33.51342,1e-04,-37.654453,27.2001,False,True,Action.WALK_MIDDLE,Action.SWORD_DANCE_3_LOW_AIR,16,18,2,2,4,4,5,13,,,
314,32.748646,1e-04,-37.654453,27.2001,False,False,Action.WALK_MIDDLE,Action.NEUTRAL_B_ATTACKING_AIR,17,1,2,2,4,4,5,13,,,
315,31.959476,1e-04,-37.654453,27.2001,False,False,Action.WALK_MIDDLE,Action.NEUTRAL_B_ATTACKING_AIR,19,2,2,2,4,4,5,13,,,
316,31.146448,1e-04,-37.654453,27.2001,False,False,Action.WALK_MIDDLE,Action.NEUTRAL_B_ATTACKING_AIR,20,3,2,2,4,4,5,13,,,
317,30.310017,1e-04,-37.654453,27.2001,False,False,Action.WALK_MIDDLE,Action.NEUTRAL_B_ATTACKING_AIR,21,4,2,2,4,4,5,13,,,
318,29.453018,1e-04,-37.654453,27.2001,False,False,Action.WALK_MIDDLE,Action.NEUTRAL_B_ATTACKING_AIR,23,5,2,2,4,4,5,13,,,
319,28.577942,1e-04,-37.654453,27.2001,False,False,Action.WALK_MIDDLE,Action.NEUTRAL_B_ATTACKING_AIR,24,6,2,2,4,4,5,13,,,
320,27.68698,1e-04,-37.654453,27.2001,False,False,Action.WALK_MIDDLE,Action.NEUTRAL_B_ATTACKING_AIR,26,7,2,2,4,4,5,13,,,
321,26.782053,1e-04,-37.654453,27.2001,False,False,Action.WALK_MIDDLE,Action.NEUTRAL_B_ATTACKING_AIR,27,8,2,2,4,4,5,13,,,
322,25.864855,1e-04,-37.654453,27.2001,False,False,Action.WALK_MIDDLE,Action.NEUTRAL_B_ATTACKING_AIR,29,9,2,2,4,4,5,13,,,
323,24.93687,1e-04,-37.654453,27.2001,False,False,Action.WALK_MIDDLE,Action.NEUTRAL_B_ATTACKING_AIR,30,10,2,2,4,4,5,13,,,
324,23.999407,1e-04,-37.654453,27.2001,False,False,Action.WALK_MIDDLE,Action.NEUTRAL_B_ATTACKING_AIR,32,11,2,2,4,4,5,13,,,
325,23.053612,1e-04,-37.654453,27.2001,False,False,Action.WALK_MIDDLE,Action.NEUTRAL_B_ATTACKING_AIR,34,12,2,2,4,4,5,13,,,
326,22.100494,1e-04,-37.654453,27.2001,False,False,Action.WALK_MIDDLE,Action.NEUTRAL_B_ATTACKING_AIR,0,13,2,2,4,4,5,13,,,
327,21.140942,1e-04,-37.654453,27.2001,False,False,Action.WALK_MIDDLE,Action.NEUTRAL_B_ATTACKING_AIR,2,14,2,2,4,4,5,13,,,
328,20.175734,1e-04,-37.654453,27.2001,False,False,Action.WALK_MIDDLE,Action.NEUTRAL_B_ATTACKING_AIR,4,15,2,2,4,4,5,13,,,
329,19.205555,1e-04,-37.654453,27.2001,False,False,Action.WALK_MIDDLE,Action.NEUTRAL_B_ATTACKING_AIR,5,16,2,2,4,4,5,13,,,
330,18.231007,1e-04,-37.654453,27.2001,False,False,Action.WALK_MIDDLE,Action.NEUTRAL_B_ATTACKING_AIR,7,17,2,2,4,4,5,13,,,
331,17.252619,1e-04,-37.654453,27.2001,False,False,Action.WALK_MIDDLE,Action.NEUTRAL_B_ATTACKING_AIR,9,18,2,2,4,4,5,13,,,
332,16.270857,1e-04,-37.654453,27.2001,False,False,Action.WALK_MIDDLE,Action.NEUTRAL_B_ATTACKING_AIR,10,19,2,2,4,4,5,13,,,
333,15.286129,1e-04,-37.654453,27.2001,False,False,Action.WALK_MIDDLE,Action.NEUTRAL_B_FULL_CHARGE_AIR,12,1,2,2,4,4,5,13,,,
334,14.298794,1e-04,-56.374454,27.2001,False,False,Action.WALK_MIDDLE,Action.NEUTRAL_B_FULL_CHARGE_AIR,14,2,2,2,4,4,5,13,,,
335,13.309168,1e-04,-61.054455,27.2001,False,False,Action.WALK_MIDDLE,Action.SWORD_DANCE_2_MID,16,3,2,0,4,4,5,13,,,
336,12.317529,1e-04,-62.984455,27.2001,False,False,Action.WALK_MIDDLE,Action.SWORD_DANCE_3_HIGH,17,1,2,0,4,4,5,13,,,
337,11.32412,1e-04,-64.84445,27.2001,False,False,Action.WALK_MIDDLE,Action.SWORD_DANCE_3_HIGH,19,2,2,0,4,4,5,13,,,
338,10.329155,1e-04,-66.63445,27.2001,False,False,Action.WALK_MIDDLE,Action.SWORD_DANCE_3_HIGH,21,3,2,0,4,4,5,13,,,
339,9.332824,1e-04,-68.354454,27.2001,False,False,Action.WALK_MIDDLE,Action.SWORD_DANCE_3_HIGH,23,4,2,0,4,4,5,13,,,
340,8.335291,1e-04,-70.004456,27.2001,False,False,Action.WALK_MIDDLE,Action.SWORD_DANCE_3_HIGH,24,5,2,0,4,4,5,13,,,
341,7.3367023,1e-04,-71.58446,27.1201,False,False,Action.WALK_MIDDLE,Action.SWORD_DANCE_3_HIGH,26,6,2,0,4,4,5,13,,,
342,6.337186,1e-04,-73.09446,26.9601,False,False,Action.WALK_MIDDLE,Action.SWORD_DANCE_3_HIGH,28,7,2,0,4,4,5,13,,,
343,5.336854,1e-04,-74.53446,26.7201,False,False,Action.WALK_MIDDLE,Action.SWORD_DANCE_3_HIGH,29,8,2,0,4,4,5,13,,,
344,4.3358054,1e-04,-75.904465,26.4001,False,False,Action.WALK_MIDDLE,Action.SWORD_DANCE_3_HIGH,31,9,2,0,4,4,5,13,,,
345,3.3341267,1e-04,-77.20447,26.000101,False,False,Action.WALK_MIDDLE,Action.SWORD_DANCE_3_HIGH,33,10,2,0,4,4,5,13,,,
346,2.3318944,1e-04,-78.43446,25.520102,False,False,Action.WALK_MIDDLE,Action.SWORD_DANCE_3_HIGH,0,11,2,0,4,4,5,13,,,
347,1.3291754,1e-04,-79.59446,24.960102,False,False,Action.WALK_MIDDLE,Action.SWORD_DANCE_3_HIGH,2,12,2,0,4,4,5,13,,,
348,0.3260286,1e-04,-80.684456,24.320103,False,False,Action.WALK_MIDDLE,Action.SWORD_DANCE_3_HIGH,3,13,2,0,4,4,5,13,,,
349,-0.67749405,1e-04,-81.70445,23.600103,False,False,Action.WALK_MIDDLE,Action.SWORD_DANCE_3_HIGH,5,14,2,0,4,4,5,13,,,
350,-1.681347,1e-04,-82.65445,22.800104,False,False,Action.WALK_MIDDLE,Action.SWORD_DANCE_3_HIGH,7,15,2,0,4,4,5,13,,,
351,-2.6854901,1e-04,-83.53445,21.920105,False,False,Action.WALK_MIDDLE,Action.SWORD_DANCE_3_HIGH,9,16,2,0,4,4,5,13,,,
352,-3.6898885,1e-04,-84.344444,20.960106,False,False,Action.WALK_MIDDLE,Action.SWORD_DANCE_3_HIGH,10,17,2,0,4,4,5,13,,,
353,-4.694511,1e-04,-85.08444,19.920107,False,False,Action.WALK_MIDDLE,Action.SWORD_DANCE_3_HIGH,12,18,2,0,4,4,5,13,,,
354,-5.6993303,1e-04,-85.75444,18.800106,False,False,Action.WALK_MIDDLE,Action.SWORD_DANCE_3_HIGH,14,19,2,0,4,4,5,13,,,
355,-6.7043233,1e-04,-86.35444,17.600105,False,False,Action.WALK_MIDDLE,Action.SWORD_DANCE_3_HIGH,16,20,2,0,4,4,5,13,,,
356,-7.7094684,1e-04,-86.88444,16.320105,False,False,Action.WALK_MIDDLE,Action.SWORD_DANCE_3_HIGH,17,21,2,0,4,4,5,13,,,
357,-8.714747,1e-04,-87.34444,14.960105,False,False,Action.WALK_MIDDLE,Action.SWORD_DANCE_3_HIGH,19,22,2,0,4,4,5,13,,,
358,-9.720144,1e-04,-87.734436,13.520105,False,False,Action.WALK_MIDDLE,Action.SWORD_DANCE_3_HIGH,21,23,2,0,4,4,5,13,,,
359,-10.725644,1e-04,-88.054436,12.000105,False,False,Action.WALK_MIDDLE,Action.SWORD_DANCE_3_HIGH,23,24,2,0,4,4,5,13,,,
360,-11.731235,1e-04,-88.304436,10.4001045,False,False,Action.WALK_MIDDLE,Action.SWORD_DANCE_3_HIGH,24,25,2,0,4,4,5,13,,,
361,-12.736905,1e-04,-88.484436,8.720104,False,False,Action.WALK_MIDDLE,Action.SWORD_DANCE_3_HIGH,26,26,2,0,4,4,5,13,,,
362,-13.742646,1e-04,-88.59444,6.960104,False,False,Action.WALK_MIDDLE,Action.SWORD_DANCE_3_HIGH,28,27,2,0,4,4,5,13,,,
363,-14.748448,1e-04,-88.63444,5.120104,False,False,Action.WALK_MIDDLE,Action.SWORD_DANCE_3_HIGH,30,28,2,0,4,4,5,13,,,
364,-15.754305,1e-04,-88.63444,3.2001035,False,False,Action.WALK_MIDDLE,Action.SWORD_DANCE_3_HIGH,31,29,2,0,4,4,5,13,,,
365,-16.76021,1e-04,-88.63444,1.2001033,False,False,Action.WALK_MIDDLE,Action.SWORD_DANCE_3_HIGH,33,30,2,0,4,4,5,13,,,
366,-17.766157,1e-04,-88.63444,-0.8798969,False,False,Action.WALK_MIDDLE,Action.SWORD_DANCE_3_HIGH,0,31,2,0,4,4,5,13,,,
367,-18.77214,1e-04,-88.63444,-3.039897,False,False,Action.WALK_MIDDLE,Action.SWORD_DANCE_3_HIGH,2,32,2,0,4,4,5,13,,,
368,-19.778156,1e-04,-88.63444,-5.2798967,False,False,Action.WALK_MIDDLE,Action.SWORD_DANCE_3_HIGH,4,33,2,0,4,4,5,13,,,
369,-20.7842,1e-04,-88.63444,-7.5998964,False,False,Action.WALK_MIDDLE,Action.SWORD_DANCE_3_HIGH,5,34,2,0,4,4,5,13,,,
370,-21.79027,1e-04,-88.63444,-9.999896,False,False,Action.WALK_MIDDLE,Action.SWORD_DANCE_3_HIGH,7,35,2,0,4,4,5,13,,,
371,-22.79636,1e-04,-88.63444,-12.479896,False,False,Action.WALK_MIDDLE,Action.SWORD_DANCE_3_HIGH,9,36,2,0,4,4,5,13,,,
372,-23.80247,1e-04,-88.63444,-15.039895,False,False,Action.WALK_MIDDLE,Action.SWORD_DANCE_3_HIGH,11,37,2,0,4,4,5,13,,,
373,-24.797781,1e-04,-88.63444,-17.679895,False,False,Action.WALK_MIDDLE,Action.SWORD_DANCE_3_HIGH,12,38,2,0,4,4,5,13,,,
374,-25.793093,1e-04,-88.63444,-20.399895,False,False,Action.WALK_MIDDLE,Action.SWORD_DANCE_3_HIGH,14,39,2,0,4,4,5,13,,,
375,-26.788404,1e-04,-88.63444,-23.199894,False,False,Action.WALK_MIDDLE,Action.SWORD_DANCE_3_HIGH,16,40,2,0,4,4,5,13,,,
376,-27.77278,1e-04,-88.579185,-25.999893,False,False,Action.WALK_MIDDLE,Action.DEAD_FALL,18,1,2,0,4,4,5,13,,,
377,-28.757154,1e-04,-88.58594,-28.799892,False,False,Action.WALK_MIDDLE,Action.DEAD_FALL,19,2,2,0,4,4,5,13,,,
378,-29.730593,1e-04,-88.67268,-31.599892,False,False,Action.WALK_MIDDLE,Action.DEAD_FALL,21,3,2,0,4,4,5,13,,,
379,-30.704031,1e-04,-88.821434,-34.999893,False,False,Action.WALK_MIDDLE,Action.DEAD_FALL,23,4,2,0,4,4,5,13,,,
380,-31.67747,1e-04,-89.04118,-38.399895,False,False,Action.WALK_MIDDLE,Action.DEAD_FALL,25,5,2,0,4,4,5,13,,,
381,-32.63997,1e-04,-89.24094,-41.799896,False,False,Action.WALK_MIDDLE,Action.DEAD_FALL,26,6,2,0,4,4,5,13,,,
382,-33.60247,1e-04,-89.51919,-45.199898,False,False,Action.WALK_MIDDLE,Action.DEAD_FALL,28,7,2,0,4,4,5,13,,,
383,-34.55403,1e-04,-89.859436,-48.5999,False,False,Action.WALK_MIDDLE,Action.DEAD_FALL,30,8,2,0,4,4,5,13,,,
384,-35.505592,1e-04,-90.260185,-51.9999,False,False,Action.WALK_MIDDLE,Action.DEAD_FALL,31,1,2,0,4,4,5,13,,,
385,-36.457153,1e-04,-90.72294,-55.399902,False,False,Action.WALK_MIDDLE,Action.DEAD_FALL,33,2,2,0,4,4,5,13,,,
386,-37.397778,1e-04,-91.24769,-58.799904,False,False,Action.WALK_MIDDLE,Action.DEAD_FALL,0,3,2,0,4,4,5,13,,,
387,-38.3384,1e-04,-91.70669,-62.199905,False,False,Action.WALK_MIDDLE,Action.DEAD_FALL,1,4,2,0,4,4,5,13,,,
388,-39.279026,1e-04,-92.24419,-65.59991,False,False,Action.WALK_MIDDLE,Action.DEAD_FALL,3,5,2,0,4,4,5,13,,,
389,-40.208714,1e-04,-92.82519,-68.99991,False,False,Action.WALK_MIDDLE,Action.DEAD_FALL,5,6,2,0,4,4,5,13,,,
390,-41.1384,1e-04,-93.349434,-72.39991,False,False,Action.WALK_MIDDLE,Action.DEAD_FALL,6,7,2,0,4,4,5,13,,,
391,-42.05715,1e-04,-93.930435,-75.79991,False,False,Action.WALK_MIDDLE,Action.DEAD_FALL,8,8,2,0,4,4,5,13,,,
392,-42.975903,1e-04,-94.51144,-79.19991,False,False,Action.WALK_MIDDLE,Action.DEAD_FALL,10,1,2,0,4,4,5,13,,,
393,-43.894653,1e-04,-95.09244,-82.599915,False,False,Action.WALK_MIDDLE,Action.DEAD_FALL,11,2,2,0,4,4,5,13,,,
394,-44.802467,1e-04,-95.67344,-85.999916,False,False,Action.WALK_MIDDLE,Action.DEAD_FALL,13,3,2,0,4,4,5,13,,,
395,-45.71028,1e-04,-96.29594,-89.39992,False,False,Action.WALK_MIDDLE,Action.DEAD_FALL,14,4,2,0,4,4,5,13,,,
396,-46.618095,1e-04,-96.89844,-92.79992,False,False,Action.WALK_MIDDLE,Action.DEAD_FALL,16,5,2,0,4,4,5,13,,,
397,-47.51497,1e-04,-97.489815,-96.19992,False,False,Action.WALK_MIDDLE,Action.DEAD_FALL,18,6,2,0,4,4,5,13,,,
398,-48.411842,1e-04,-98.06119,-99.59992,False,False,Action.WALK_MIDDLE,Action.DEAD_FALL,19,7,2,0,4,4,5,13,,,
399,-49.308716,1e-04,-98.71256,-102.99992,False,False,Action.WALK_MIDDLE,Action.DEAD_FALL,21,8,2,0,4,4,5,13,,,
400,-50.194653,1e-04,-99.34394,-106.399925,False,False,Action.WALK_MIDDLE,Action.DEAD_FALL,22,1,2,0,4,4,5,13,,,
401,-51.08059,1e-04,-99.955315,-109.79993,False,False,Action.WALK_MIDDLE,Action.DEAD_DOWN,24,-1,2,0,4,3,5,13,,,
402,-51.95559,1e-04,-99.955315,-109.79993,False,False,Action.WALK_MIDDLE,Action.DEAD_DOWN,25,-1,2,0,4,3,5,13,,,
403,-52.83059,1e-04,-99.955315,-109.79993,False,False,Action.WALK_MIDDLE,Action.DEAD_DOWN,27,-1,2,0,4,3,5,13,,,
404,-53.70559,1e-04,-99.955315,-109.79993,False,False,Action.WALK_MIDDLE,Action.DEAD_DOWN,29,-1,2,0,4,3,5,13,,,
405,-54.500587,1e-04,-99.955315,-109.79993,False,False,Action.STANDING,Action.DEAD_DOWN,1,-1,2,0,4,3,5,13,,,
406,-55.215588,1e-04,-99.955315,-109.79993,False,False,Action.STANDING,Action.DEAD_DOWN,2,-1,2,0,4,3,5,13,,,
407,-55.850586,1e-04,-99.955315,-109.79993,False,False,Action.STANDING,Action.DEAD_DOWN,3,-1,2,0,4,3,5,13,,,
408,-56.405586,1e-04,-99.955315,-109.79993,False,False,Action.STANDING,Action.DEAD_DOWN,4,-1,2,0,4,3,5,13,,,
409,-56.880585,1e-04,-99.955315,-109.79993,False,False,Action.STANDING,Action.DEAD_DOWN,5,-1,2,0,4,3,5,13,,,
410,-57.275585,1e-04,-99.955315,-109.79993,False,False,Action.STANDING,Action.DEAD_DOWN,6,-1,2,0,4,3,5,13,,,
411,-57.590584,1e-04,-99.955315,-109.79993,False,False,Action.STANDING,Action.DEAD_DOWN,7,-1,2,0,4,3,5,13,,,
412,-57.825584,1e-04,-99.955315,-109.79993,False,False,Action.STANDING,Action.DEAD_DOWN,8,-1,2,0,4,3,5,13,,,
413,-57.980583,1e-04,-99.955315,-109.79993,False,False,Action.STANDING,Action.DEAD_DOWN,9,-1,2,0,4,3,5,13,,,
414,-58.055584,1e-04,-99.955315,-109.79993,False,False,Action.STANDING,Action.DEAD_DOWN,10,-1,2,0,4,3,5,13,,,
415,-58.055584,1e-04,-99.955315,-109.79993,False,False,Action.STANDING,Action.DEAD_DOWN,11,-1,2,0,4,3,5,13,,,
416,-58.055584,1e-04,-99.955315,-109.79993,False,False,Action.STANDING,Action.DEAD_DOWN,12,-1,2,0,4,3,5,13,,,
417,-58.055584,1e-04,-99.955315,-109.79993,False,False,Action.STANDING,Action.DEAD_DOWN,13,-1,2,0,4,3,5,13,,,
418,-58.055584,1e-04,-99.955315,-109.79993,False,False,Action.STANDING,Action.DEAD_DOWN,14,-1,2,0,4,3,5,13,,,
419,-58.055584,1e-04,-99.955315,-109.79993,False,False,Action.STANDING,Action.DEAD_DOWN,15,-1,2,0,4,3,5,13,,,
420,-58.055584,1e-04,-99.955315,-109.79993,False,False,Action.STANDING,Action.DEAD_DOWN,16,-1,2,0,4,3,5,13,,,
421,-58.055584,1e-04,-99.955315,-109.79993,False,False,Action.STANDING,Action.DEAD_DOWN,17,-1,2,0,4,3,5,13,,,
422,-58.055584,1e-04,-99.955315,-109.79993,False,False,Action.STANDING,Action.DEAD_DOWN,18,-1,2,0,4,3,5,13,,,
423,-58.055584,1e-04,-99.955315,-109.79993,False,False,Action.STANDING,Action.DEAD_DOWN,19,-1,2,0,4,3,5,13,,,
424,-58.055584,1e-04,-99.955315,-109.79993,False,False,Action.STANDING,Action.DEAD_DOWN,20,-1,2,0,4,3,5,13,,,
425,-58.055584,1e-04,-99.955315,-109.79993,False,False,Action.STANDING,Action.DEAD_DOWN,21,-1,2,0,4,3,5,13,,,
426,-58.055584,1e-04,-99.955315,-109.79993,False,False,Action.STANDING,Action.DEAD_DOWN,22,-1,2,0,4,3,5,13,,,
427,-58.055584,1e-04,-99.955315,-109.79993,False,False,Action.STANDING,Action.DEAD_DOWN,23,-1,2,0,4,3,5,13,,,
428,-58.055584,1e-04,-99.955315,-109.79993,False,False,Action.STANDING,Action.DEAD_DOWN,24,-1,2,0,4,3,5,13,,,
429,-58.055584,1e-04,-99.955315,-109.79993,False,False,Action.STANDING,Action.DEAD_DOWN,25,-1,2,0,4,3,5,13,,,
430,-58.055584,1e-04,-99.955315,-109.79993,False,False,Action.STANDING,Action.DEAD_DOWN,26,-1,2,0,4,3,5,13,,,
431,-58.055584,1e-04,-99.955315,-109.79993,False,False,Action.STANDING,Action.DEAD_DOWN,27,-1,2,0,4,3,5,13,,,
432,-58.055584,1e-04,-99.955315,-109.79993,False,False,Action.STANDING,Action.DEAD_DOWN,28,-1,2,0,4,3,5,13,,,
433,-58.055584,1e-04,-99.955315,-109.79993,False,False,Action.STANDING,Action.DEAD_DOWN,29,-1,2,0,4,3,5,13,,,
434,-58.055584,1e-04,-99.955315,-109.79993,False,False,Action.STANDING,Action.DEAD_DOWN,30,-1,2,0,4,3,5,13,,,
435,-58.055584,1e-04,-99.955315,-109.79993,False,False,Action.STANDING,Action.DEAD_DOWN,31,-1,2,0,4,3,5,13,,,
436,-58.055584,1e-04,-99.955315,-109.79993,False,False,Action.STANDING,Action.DEAD_DOWN,32,-1,2,0,4,3,5,13,,,
437,-58.055584,1e-04,-99.955315,-109.79993,False,False,Action.STANDING,Action.DEAD_DOWN,33,-1,2,0,4,3,5,13,,,
438,-58.055584,1e-04,-99.955315,-109.79993,False,False,Action.STANDING,Action.DEAD_DOWN,34,-1,2,0,4,3,5,13,,,
439,-58.055584,1e-04,-99.955315,-109.79993,False,False,Action.STANDING,Action.DEAD_DOWN,35,-1,2,0,4,3,5,13,,,
440,-58.055584,1e-04,-99.955315,-109.79993,False,False,Action.STANDING,Action.DEAD_DOWN,36,-1,2,0,4,3,5,13,,,
441,-58.055584,1e-04,-99.955315,-109.79993,False,False,Action.STANDING,Action.DEAD_DOWN,37,-1,2,0,4,3,5,13,,,
442,-58.055584,1e-04,-99.955315,-109.79993,False,False,Action.STANDING,Action.DEAD_DOWN,38,-1,2,0,4,3,5,13,,,
443,-58.055584,1e-04,-99.955315,-109.79993,False,False,Action.STANDING,Action.DEAD_DOWN,39,-1,2,0,4,3,5,13,,,
444,-58.055584,1e-04,-99.955315,-109.79993,False,False,Action.STANDING,Action.DEAD_DOWN,40,-1,2,0,4,3,5,13,,,
445,-58.055584,1e-04,-99.955315,-109.79993,False,False,Action.STANDING,Action.DEAD_DOWN,41,-1,2,0,4,3,5,13,,,
446,-58.055584,1e-04,-99.955315,-109.79993,False,False,Action.STANDING,Action.DEAD_DOWN,42,-1,2,0,4,3,5,13,,,
447,-58.055584,1e-04,-99.955315,-109.79993,False,False,Action.STANDING,Action.DEAD_DOWN,43,-1,2,0,4,3,5,13,,,
448,-58.055584,1e-04,-99.955315,-109.79993,False,False,Action.STANDING,Action.DEAD_DOWN,44,-1,2,0,4,3,5,13,,,
449,-58.055584,1e-04,-99.955315,-109.79993,False,False,Action.STANDING,Action.DEAD_DOWN,45,-1,2,0,4,3,5,13,,,
450,-58.055584,1e-04,-99.955315,-109.79993,False,False,Action.STANDING,Action.DEAD_DOWN,46,-1,2,0,4,3,5,13,,,
451,-58.055584,1e-04,-99.955315,-109.79993,False,False,Action.STANDING,Action.DEAD_DOWN,47,-1,2,0,4,3,5,13,,,
452,-58.055584,1e-04,-99.955315,-109.79993,False,False,Action.STANDING,Action.DEAD_DOWN,48,-1,2,0,4,3,5,13,,,
453,-58.055584,1e-04,-99.955315,-109.79993,False,False,Action.STANDING,Action.DEAD_DOWN,49,-1,2,0,4,3,5,13,,,
454,-58.055584,1e-04,-99.955315,-109.79993,False,False,Action.STANDING,Action.DEAD_DOWN,50,-1,2,0,4,3,5,13,,,
455,-58.055584,1e-04,-99.955315,-109.79993,False,False,Action.STANDING,Action.DEAD_DOWN,51,-1,2,0,4,3,5,13,,,
456,-58.055584,1e-04,-99.955315,-109.79993,False,False,Action.STANDING,Action.DEAD_DOWN,52,-1,2,0,4,3,5,13,,,
457,-58.055584,1e-04,-99.955315,-109.79993,False,False,Action.STANDING,Action.DEAD_DOWN,53,-1,2,0,4,3,5,13,,,
458,-58.055584,1e-04,-99.955315,-109.79993,False,False,Action.STANDING,Action.DEAD_DOWN,54,-1,2,0,4,3,5,13,,,
459,-58.055584,1e-04,-99.955315,-109.79993,False,False,Action.STANDING,Action.DEAD_DOWN,55,-1,2,0,4,3,5,13,,,
460,-58.055584,1e-04,-99.955315,-109.79993,False,False,Action.STANDING,Action.DEAD_DOWN,56,-1,2,0,4,3,5,13,,,
461,-58.055584,1e-04,12.8,135.06665,False,False,Action.STANDING,Action.ON_HALO_DESCENT,57,1,2,1,4,3,5,0,,,
462,-58.055584,1e-04,12.8,134.13332,False,False,Action.STANDING,Action.ON_HALO_DESCENT,58,2,2,1,4,3,5,0,,,
463,-58.055584,1e-04,12.8,133.19998,False,False,Action.STANDING,Action.ON_HALO_DESCENT,59,3,2,1,4,3,5,0,,,
464,-58.055584,1e-04,12.8,132.26665,False,False,Action.STANDING,Action.ON_HALO_DESCENT,60,4,2,1,4,3,5,0,,,
465,-58.055584,1e-04,12.8,131.33331,False,False,Action.STANDING,Action.ON_HALO_DESCENT,61,5,2,1,4,3,5,0,,,
466,-58.055584,1e-04,12.8,130.39998,False,False,Action.STANDING,Action.ON_HALO_DESCENT,62,6,2,1,4,3,5,0,,,
467,-58.055584,1e-04,12.8,129.46664,False,False,Action.STANDING,Action.ON_HALO_DESCENT,63,7,2,1,4,3,5,0,,,
468,-58.055584,1e-04,12.8,128.53331,False,False,Action.STANDING,Action.ON_HALO_DESCENT,64,8,2,1,4,3,5,0,,,
469,-58.055584,1e-04,12.8,127.599976,False,False,Action.STANDING,Action.ON_HALO_DESCENT,65,9,2,1,4,3,5,0,,,
470,-58.055584,1e-04,12.8,126.66664,False,False,Action.STANDING,Action.ON_HALO_DESCENT,66,10,2,1,4,3,5,0,,,
471,-58.055584,1e-04,12.8,125.73331,False,False,Action.STANDING,Action.ON_HALO_DESCENT,67,11,2,1,4,3,5,0,,,
472,-58.055584,1e-04,12.8,124.79997,False,False,Action.STANDING,Action.ON_HALO_DESCENT,68,12,2,1,4,3,5,0,,,
473,-58.055584,1e-04,12.8,123.86664,False,False,Action.STANDING,Action.ON_HALO_DESCENT,69,13,2,1,4,3,5,0,,,
474,-58.055584,1e-04,12.8,122.933304,False,False,Action.STANDING,Action.ON_HALO_DESCENT,70,14,2,1,4,3,5,0,,,
475,-58.055584,1e-04,12.8,121.99997,False,False,Action.STANDING,Action.ON_HALO_DESCENT,71,15,2,1,4,3,5,0,,,
476,-58.055584,1e-04,12.8,121.066635,False,False,Action.STANDING,Action.ON_HALO_DESCENT,72,16,2,1,4,3,5,0,,,
477,-58.055584,1e-04,12.8,120.1333,False,False,Action.STANDING,Action.ON_HALO_DESCENT,73,17,2,1,4,3,5,0,,,
478,-58.055584,1e-04,12.8,119.19997,False,False,Action.STANDING,Action.ON_HALO_DESCENT,74,18,2,1,4,3,5,0,,,
479,-58.055584,1e-04,12.8,118.26663,False,False,Action.STANDING,Action.ON_HALO_DESCENT,75,19,2,1,4,3,5,0,,,
480,-58.055584,1e-04,12.8,117.3333,False,False,Action.STANDING,Action.ON_HALO_DESCENT,76,20,2,1,4,3,5,0,,,
481,-58.055584,1e-04,12.8,116.39996,False,False,Action.STANDING,Action.ON_HALO_DESCENT,77,21,2,1,4,3,5,0,,,
482,-58.055584,1e-04,12.8,115.46663,False,False,Action.STANDING,Action.ON_HALO_DESCENT,78,22,2,1,4,3,5,0,,,
483,-58.055584,1e-04,12.8,114.533295,False,False,Action.STANDING,Action.ON_HALO_DESCENT,79,23,2,1,4,3,5,0,,,
484,-58.055584,1e-04,12.8,113.59996,False,False,Action.STANDING,Action.ON_HALO_DESCENT,80,24,2,1,4,3,5,0,,,
485,-58.055584,1e-04,12.8,112.666626,False,False,Action.STANDING,Action.ON_HALO_DESCENT,81,25,2,1,4,3,5,0,,,
486,-58.055584,1e-04,12.8,111.73329,False,False,Action.STANDING,Action.ON_HALO_DESCENT,82,26,2,1,4,3,5,0,,,
487,-58.055584,1e-04,12.8,110.79996,False,False,Action.STANDING,Action.ON_HALO_DESCENT,83,27,2,1,4,3,5,0,,,
488,-58.055584,1e-04,12.8,109.86662,False,False,Action.STANDING,Action.ON_HALO_DESCENT,84,28,2,1,4,3,5,0,,,
489,-58.055584,1e-04,12.8,108.93329,False,False,Action.STANDING,Action.ON_HALO_DESCENT,85,29,2,1,4,3,5,0,,,
490,-58.055584,1e-04,12.8,107.999954,False,False,Action.STANDING,Action.ON_HALO_DESCENT,86,30,2,1,4,3,5,0,,,
491,-58.055584,1e-04,12.8,107.06662,False,False,Action.STANDING,Action.ON_HALO_DESCENT,87,31,2,1,4,3,5,0,,,
492,-58.055584,1e-04,12.8,106.133286,False,False,Action.STANDING,Action.ON_HALO_DESCENT,88,32,2,1,4,3,5,0,,,
493,-58.055584,1e-04,12.8,105.19995,False,False,Action.STANDING,Action.ON_HALO_DESCENT,89,33,2,1,4,3,5,0,,,
494,-58.055584,1e-04,12.8,104.26662,False,False,Action.STANDING,Action.ON_HALO_DESCENT,90,34,2,1,4,3,5,0,,,
495,-58.055584,1e-04,12.8,103.33328,False,False,Action.STANDING,Action.ON_HALO_DESCENT,91,35,2,1,4,3,5,0,,,
496,-58.055584,1e-04,12.8,102.39995,False,False,Action.STANDING,Action.ON_HALO_DESCENT,92,36,2,1,4,3,5,0,,,
497,-58.055584,1e-04,12.8,101.46661,False,False,Action.STANDING,Action.ON_HALO_DESCENT,93,37,2,1,4,3,5,0,,,
498,-58.055584,1e-04,12.8,100.53328,False,False,Action.STANDING,Action.ON_HALO_DESCENT,94,38,2,1,4,3,5,0,,,
499,-58.055584,1e-04,12.8,99.599945,False,False,Action.STANDING,Action.ON_HALO_DESCENT,95,39,2,1,4,3,5,0,,,
500,-58.055584,1e-04,12.8,98.66661,False,False,Action.STANDING,Action.ON_HALO_DESCENT,96,40,2,1,4,3,5,0,,,
501,-58.055584,1e-04,12.8,97.73328,False,False,Action.STANDING,Action.ON_HALO_DESCENT,97,41,2,1,4,3,5,0,,,
502,-58.055584,1e-04,12.8,96.79995,False,False,Action.STANDING,Action.ON_HALO_DESCENT,98,42,2,1,4,3,5,0,,,
503,-58.055584,1e-04,12.8,95.86662,False,False,Action.STANDING,Action.ON_HALO_DESCENT,99,43,2,1,4,3,5,0,,,
504,-58.055584,1e-04,12.8,94.93329,False,False,Action.STANDING,Action.ON_HALO_DESCENT,100,44,2,1,4,3,5,0,,,
505,-58.055584,1e-04,12.8,93.999954,False,False,Action.STANDING,Action.ON_HALO_DESCENT,101,45,2,1,4,3,5,0,,,
506,-58.055584,1e-04,12.8,93.06663,False,False,Action.STANDING,Action.ON_HALO_DESCENT,102,46,2,1,4,3,5,0,,,
507,-58.055584,1e-04,12.8,92.13329,False,False,Action.STANDING,Action.ON_HALO_DESCENT,103,47,2,1,4,3,5,0,,,
508,-58.055584,1e-04,12.8,91.19997,False,False,Action.STANDING,Action.ON_HALO_DESCENT,104,48,2,1,4,3,5,0,,,
509,-58.055584,1e-04,12.8,90.26663,False,False,Action.STANDING,Action.ON_HALO_DESCENT,105,49,2,1,4,3,5,0,,,
510,-58.055584,1e-04,12.8,89.333305,False,False,Action.STANDING,Action.ON_HALO_DESCENT,106,50,2,1,4,3,5,0,,,
511,-58.055584,1e-04,12.8,88.39998,False,False,Action.STANDING,Action.ON_HALO_DESCENT,107,51,2,1,4,3,5,0,,,
512,-58.055584,1e-04,12.8,87.466644,False,False,Action.STANDING,Action.ON_HALO_DESCENT,108,52,2,1,4,3,5,0,,,
513,-58.055584,1e-04,12.8,86.53331,False,False,Action.STANDING,Action.ON_HALO_DESCENT,109,53,2,1,4,3,5,0,,,
514,-58.055584,1e-04,12.8,85.59998,False,False,Action.STANDING,Action.ON_HALO_DESCENT,110,54,2,1,4,3,5,0,,,
515,-58.055584,1e-04,12.8,84.66666,False,False,Action.STANDING,Action.ON_HALO_DESCENT,111,55,2,1,4,3,5,0,,,
516,-58.055584,1e-04,12.8,83.73332,False,False,Action.STANDING,Action.ON_HALO_DESCENT,112,56,2,1,4,3,5,0,,,
517,-58.055584,1e-04,12.8,82.79999,False,False,Action.STANDING,Action.ON_HALO_DESCENT,113,57,2,1,4,3,5,0,,,
518,-58.055584,1e-04,12.8,81.86666,False,False,Action.STANDING,Action.ON_HALO_DESCENT,114,58,2,1,4,3,5,0,,,
519,-58.055584,1e-04,12.8,80.933334,False,False,Action.STANDING,Action.ON_HALO_DESCENT,115,59,2,1,4,3,5,0,,,
520,-58.055584,1e-04,12.8,80.0,False,False,Action.STANDING,Action.ON_HALO_DESCENT,116,60,2,1,4,3,5,0,,,
521,-58.055584,1e-04,12.85075,79.76999,False,False,Action.STANDING,Action.FALLING,117,1,2,1,4,3,5,0,,,
522,-58.055584,1e-04,12.03825,83.955986,False,False,Action.STANDING,Action.JUMPING_ARIAL_FORWARD,118,1,2,0,4,3,5,0,,,
523,-58.055584,1e-04,11.3035,87.91199,False,False,Action.STANDING,Action.FAIR,119,1,2,0,4,3,5,0,,,
524,-58.055584,1e-04,10.58875,91.637985,False,False,Action.TURNING,Action.FAIR,1,2,2,0,4,3,5,0,,,
525,-58.055584,1e-04,9.894,95.13399,False,False,Action.TURNING,Action.FAIR,2,3,2,0,4,3,5,0,,,
526,-58.055584,1e-04,9.16775,98.39999,False,False,Action.TURNING,Action.FAIR,3,4,2,0,4,3,5,0,,,
527,-58.055584,1e-04,8.4615,101.43599,False,False,Action.TURNING,Action.FAIR,4,5,2,0,4,3,5,0,,,
528,-58.055584,1e-04,7.77525,104.24199,False,False,Action.TURNING,Action.FAIR,5,6,2,0,4,3,5,0,,,
529,-58.055584,1e-04,7.1089997,106.81799,True,False,Action.TURNING,Action.FAIR,6,7,2,0,4,3,5,0,,,
530,-58.055584,1e-04,6.4964995,109.163994,True,False,Action.TURNING,Action.FAIR,7,8,2,0,4,3,5,0,,,
531,-58.055584,1e-04,5.8077493,111.27999,True,False,Action.TURNING,Action.FAIR,8,9,2,0,4,3,5,0,,,
532,-58.055584,1e-04,5.1869993,113.16599,True,False,Action.TURNING,Action.FAIR,9,10,2,0,4,3,5,0,,,
533,-58.055584,1e-04,4.5022492,114.82199,True,False,Action.TURNING,Action.FAIR,10,11,2,0,4,3,5,0,,,
534,-58.055584,1e-04,3.7382493,116.24799,True,False,Action.TURNING,Action.FAIR,11,12,2,0,4,3,5,0,,,
535,-58.055584,1e-04,2.9942493,117.44399,True,False,Action.STANDING,Action.FAIR,1,13,2,0,4,3,5,0,,,
536,-58.055584,1e-04,2.2702494,118.409996,True,False,Action.STANDING,Action.FAIR,2,14,2,0,4,3,5,0,,,
537,-58.055584,1e-04,1.6082494,119.145996,True,False,Action.KNEE_BEND,Action.FAIR,1,15,2,0,4,3,5,0,,,
538,-58.055584,1e-04,0.8707494,119.65199,True,False,Action.KNEE_BEND,Action.FAIR,2,16,2,0,4,3,5,0,,,
539,-58.055584,1e-04,0.15324938,119.92799,True,False,Action.KNEE_BEND,Action.FAIR,3,17,2,0,4,3,5,0,,,
540,-58.055584,1e-04,-0.5217506,119.97399,True,False,Action.KNEE_BEND,Action.FAIR,4,18,2,0,4,3,5,0,,,
541,-58.055584,1e-04,-1.1767507,119.78999,True,False,Action.KNEE_BEND,Action.FAIR,5,19,2,0,4,3,5,0,,,
542,-57.537476,4.1001,-1.8117507,119.37599,True,False,Action.JUMPING_FORWARD,Action.FAIR,1,20,1,0,4,3,5,0,,,
543,-56.962357,8.0301,-2.4267507,115.97599,True,False,Action.JUMPING_FORWARD,Action.FAIR,2,21,1,0,4,3,5,0,,,
544,-56.348026,11.7901,-3.0285006,112.57599,True,False,Action.JUMPING_FORWARD,Action.FAIR,3,22,1,0,4,3,5,0,,,
545,-55.733696,15.3801,-3.5682507,109.17599,True,False,Action.JUMPING_FORWARD,Action.FAIR,4,23,1,0,4,3,5,0,,,
546,-55.119366,18.8001,-4.088001,105.775986,True,False,Action.JUMPING_FORWARD,Action.FAIR,5,24,1,0,4,3,5,0,,,
547,-54.505035,22.0501,-4.6810007,102.375984,True,False,Action.JUMPING_FORWARD,Action.FAIR,6,25,1,0,4,3,5,0,,,
548,-53.890705,25.1301,-5.206751,98.97598,True,False,Action.JUMPING_FORWARD,Action.FAIR,7,26,1,0,4,3,5,0,,,
549,-53.206768,28.0401,-5.7877507,95.57598,True,False,Action.JUMPING_FORWARD,Action.FAIR,8,27,1,0,4,3,5,0,,,
550,-52.45283,30.7801,-6.3487506,92.17598,True,False,Action.JUMPING_FORWARD,Action.FAIR,9,28,1,0,4,3,5,0,,,
551,-51.628895,33.350098,-6.9297504,88.77598,True,False,Action.JUMPING_FORWARD,Action.FAIR,10,29,1,0,4,3,5,0,,,
552,-50.798893,35.750095,-7.5107503,85.37598,True,False,Action.JUMPING_FORWARD,Action.FAIR,11,30,1,0,4,3,5,0,,,
553,-49.96889,37.980095,-8.09175,81.975975,True,False,Action.JUMPING_FORWARD,Action.FAIR,12,31,1,0,4,3,5,0,,,
554,-49.13889,40.040092,-8.65275,78.57597,True,False,Action.JUMPING_FORWARD,Action.FAIR,13,32,1,0,4,3,5,0,,,
555,-48.308887,41.93009,-9.23375,75.17597,True,False,Action.JUMPING_FORWARD,Action.FAIR,14,33,1,0,4,3,5,0,,,
556,-47.478886,43.65009,-9.79475,71.77597,True,False,Action.JUMPING_FORWARD,Action.FAIR,15,34,1,0,4,3,5,0,,,
557,-46.648884,45.20009,-10.42225,68.37597,True,False,Action.JUMPING_FORWARD,Action.FAIR,16,35,1,0,4,3,5,0,,,
558,-45.818882,46.580086,-10.97275,64.97597,True,False,Action.JUMPING_FORWARD,Action.FAIR,17,36,1,0,4,3,5,0,,,
559,-44.98888,47.790085,-11.55375,61.575966,True,False,Action.JUMPING_FORWARD,Action.FAIR,18,37,1,0,4,3,5,0,,,
560,-44.15888,48.830086,-12.0765,58.175964,True,False,Action.JUMPING_FORWARD,Action.FAIR,19,38,1,0,4,3,5,0,,,
561,-43.328876,49.700085,-12.57925,54.775963,True,False,Action.JUMPING_FORWARD,Action.FAIR,20,39,1,0,4,3,5,0,,,
562,-42.498875,50.400085,-13.14775,51.37596,True,False,Action.JUMPING_FORWARD,Action.FAIR,21,40,1,0,4,3,5,0,,,
563,-41.668873,50.930084,-13.69625,54.4001,True,False,Action.JUMPING_FORWARD,Action.FAIR_LANDING,22,1,1,2,4,3,5,0,,,
564,-40.83887,51.290085,-14.16475,54.4001,True,False,Action.JUMPING_FORWARD,Action.FAIR_LANDING,23,3,1,2,4,3,5,0,,,
565,-40.00887,51.480083,-14.55325,54.4001,True,False,Action.JUMPING_FORWARD,Action.FAIR_LANDING,24,6,1,2,4,3,5,0,,,
566,-39.178867,51.500084,-14.861751,54.4001,True,False,Action.JUMPING_FORWARD,Action.FAIR_LANDING,25,9,1,2,4,3,5,0,,,
567,-38.348866,51.350082,-15.090251,54.4001,True,False,Action.JUMPING_FORWARD,Action.FAIR_LANDING,26,11,1,2,4,3,5,0,,,
568,-37.538864,51.030083,-15.238751,54.4001,True,False,Action.JUMPING_FORWARD,Action.FAIR_LANDING,27,14,1,2,4,3,5,0,,,
569,-36.748863,50.54008,-15.307252,54.4001,True,False,Action.JUMPING_FORWARD,Action.FAIR_LANDING,28,17,1,2,4,3,5,0,,,
570,-35.978863,49.88008,-15.307252,54.4001,True,False,Action.JUMPING_FORWARD,Action.FAIR_LANDING,29,20,1,2,4,3,5,0,,,
571,-35.228863,49.05008,-15.307252,54.4001,True,False,Action.JUMPING_FORWARD,Action.FAIR_LANDING,30,22,1,2,4,3,5,0,,,
572,-34.498863,48.05008,-15.307252,54.4001,True,False,Action.JUMPING_FORWARD,Action.FAIR_LANDING,31,25,1,2,4,3,5,0,,,
573,-33.788864,46.880077,-15.307252,54.4001,True,False,Action.JUMPING_FORWARD,Action.FAIR_LANDING,32,28,1,2,4,3,5,0,,,
574,-33.098866,45.540077,-15.307252,54.4001,True,False,Action.JUMPING_FORWARD,Action.DOWNSMASH,33,1,1,2,4,3,5,0,,,
575,-32.428864,44.030075,-15.307252,54.4001,True,False,Action.JUMPING_FORWARD,Action.DOWNSMASH,34,2,1,2,4,3,5,0,,,
576,-31.778864,42.350075,-15.307252,54.4001,True,False,Action.JUMPING_FORWARD,Action.DOWNSMASH,35,2,1,2,4,3,5,0,,,
577,-31.148863,40.500072,-15.307252,54.4001,True,False,Action.JUMPING_FORWARD,Action.DOWNSMASH,36,2,1,2,4,3,5,0,,,
578,-30.538862,38.480072,-15.307252,54.4001,True,False,Action.JUMPING_FORWARD,Action.DOWNSMASH,37,2,1,2,4,3,5,0,,,
579,-29.948862,36.29007,-15.307252,54.4001,True,False,Action.JUMPING_FORWARD,Action.DOWNSMASH,38,3,1,2,4,3,5,0,,,
580,-29.378862,33.93007,-15.307252,54.4001,True,False,Action.JUMPING_FORWARD,Action.DOWNSMASH,39,4,1,2,4,3,5,0,,,
581,-28.828861,31.400068,-15.307252,54.4001,True,False,Action.JUMPING_FORWARD,Action.DOWNSMASH,40,5,1,2,4,3,5,0,,,
582,-28.29886,28.700068,-15.307252,54.4001,True,False,Action.FALLING,Action.DOWNSMASH,1,6,1,2,4,3,5,0,,,
583,-27.78886,25.830067,-15.307252,54.4001,True,False,Action.FALLING,Action.DOWNSMASH,2,7,1,2,4,3,5,0,,,
584,-27.266026,22.790066,-15.307252,54.4001,True,False,Action.FAIR,Action.DOWNSMASH,1,8,1,2,4,3,5,0,,,
585,-26.763191,27.2001,-15.307252,54.4001,True,False,Action.LANDING,Action.DOWNSMASH,1,9,2,2,4,3,5,0,,,
586,-26.340357,27.2001,-15.307252,54.4001,True,False,Action.LANDING,Action.DOWNSMASH,2,10,2,2,4,3,5,0,,,
587,-25.997522,27.2001,-15.307252,54.4001,True,False,Action.LANDING,Action.DOWNSMASH,3,11,2,2,4,3,5,0,,,
588,-25.734688,27.2001,-15.307252,54.4001,True,False,Action.LANDING,Action.DOWNSMASH,4,12,2,2,4,3,5,0,,,
589,-25.551853,27.2001,-15.307252,54.4001,True,False,Action.KNEE_BEND,Action.DOWNSMASH,1,13,2,2,4,3,5,0,,,
590,-25.449018,27.2001,-15.307252,54.4001,True,False,Action.KNEE_BEND,Action.DOWNSMASH,2,14,2,2,4,3,5,0,,,
591,-25.426184,27.2001,-15.307252,54.4001,True,False,Action.KNEE_BEND,Action.DOWNSMASH,3,15,2,2,4,3,5,0,,,
592,-25.426184,27.2001,-15.307252,54.4001,True,False,Action.KNEE_BEND,Action.DOWNSMASH,4,16,2,2,4,3,5,0,,,
593,-25.426184,27.2001,-15.307252,54.4001,True,False,Action.KNEE_BEND,Action.DOWNSMASH,5,17,2,2,4,3,5,0,,,
594,-25.426184,31.3001,-15.307252,54.4001,True,False,Action.JUMPING_FORWARD,Action.DOWNSMASH,1,18,1,2,4,3,5,0,,,
595,-25.426184,35.2301,-15.307252,54.4001,True,False,Action.JUMPING_FORWARD,Action.DOWNSMASH,2,19,1,2,4,3,5,0,,,
596,-25.426184,38.990097,-15.307252,54.4001,True,False,Action.JUMPING_FORWARD,Action.DOWNSMASH,3,20,1,2,4,3,5,0,,,
597,-25.426184,42.580097,-15.307252,54.4001,True,False,Action.JUMPING_FORWARD,Action.DOWNSMASH,4,21,1,2,4,3,5,0,,,
598,-25.426184,46.000095,-15.307252,54.4001,True,False,Action.JUMPING_FORWARD,Action.DOWNSMASH,5,22,1,2,4,3,5,0,,,
599,-25.426184,49.250095,-15.307252,54.4001,True,False,Action.JUMPING_FORWARD,Action.DOWNSMASH,6,23,1,2,4,3,5,0,,,
600,-25.426184,52.330093,-15.307252,54.4001,True,False,Action.JUMPING_FORWARD,Action.DOWNSMASH,7,24,1,2,4,3,5,0,,,
601,-25.426184,55.240093,-15.307252,54.4001,True,False,Action.JUMPING_FORWARD,Action.DOWNSMASH,8,25,1,2,4,3,5,0,,,
602,-25.426184,57.98009,-15.307252,54.4001,True,False,Action.JUMPING_FORWARD,Action.DOWNSMASH,9,26,1,2,4,3,5,0,,,
603,-25.426184,60.55009,-15.307252,54.4001,True,False,Action.JUMPING_FORWARD,Action.DOWNSMASH,10,27,1,2,4,3,5,0,,,
604,-25.426184,62.95009,-15.307252,54.4001,True,False,Action.JUMPING_FORWARD,Action.DOWNSMASH,11,28,1,2,4,3,5,0,,,
605,-25.426184,65.180084,-15.307252,54.4001,True,False,Action.JUMPING_FORWARD,Action.DOWNSMASH,12,29,1,2,4,3,5,0,,,
606,-25.426184,67.24008,-15.307252,54.4001,True,False,Action.JUMPING_FORWARD,Action.DOWNSMASH,13,30,1,2,4,3,5,0,,,
607,-25.426184,69.13008,-15.307252,54.4001,True,False,Action.JUMPING_FORWARD,Action.DOWNSMASH,14,31,1,2,4,3,5,0,,,
608,-25.426184,70.85008,-15.307252,54.4001,True,False,Action.JUMPING_FORWARD,Action.DOWNSMASH,15,32,1,2,4,3,5,0,,,
609,-25.426184,72.40008,-15.307252,54.4001,True,False,Action.JUMPING_FORWARD,Action.DOWNSMASH,16,33,1,2,4,3,5,0,,,
610,-25.426184,73.780075,-15.307252,54.4001,True,False,Action.JUMPING_FORWARD,Action.DOWNSMASH,17,34,1,2,4,3,5,0,,,
611,-25.426184,74.990074,-15.307252,54.4001,True,False,Action.JUMPING_FORWARD,Action.DOWNSMASH,18,35,1,2,4,3,5,0,,,
612,-25.426184,76.030075,-15.307252,54.4001,True,False,Action.NAIR,Action.DOWNSMASH,1,36,1,2,4,3,5,0,,,
613,-25.426184,76.90008,-15.307252,54.4001,True,False,Action.NAIR,Action.DOWNSMASH,2,37,1,2,4,3,5,0,,,
614,-25.426184,77.600075,-15.307252,54.4001,True,False,Action.NAIR,Action.DOWNSMASH,3,38,1,2,4,3,5,0,,,
615,-25.426184,78.13007,-15.307252,54.4001,True,False,Action.NAIR,Action.DOWNSMASH,4,39,1,2,4,3,5,0,,,
616,-25.426184,78.490074,-15.307252,54.4001,True,False,Action.NAIR,Action.DOWNSMASH,5,40,1,2,4,3,5,0,,,
617,-25.426184,78.68008,-15.307252,54.4001,True,False,Action.NAIR,Action.DOWNSMASH,6,41,1,2,4,3,5,0,,,
618,-25.426184,78.70007,-15.307252,54.4001,True,False,Action.NAIR,Action.DOWNSMASH,7,42,1,2,4,3,5,0,,,
619,-25.426184,78.55007,-15.307252,54.4001,True,False,Action.NAIR,Action.DOWNSMASH,8,43,1,2,4,3,5,0,,,
620,-25.426184,78.23007,-15.307252,54.4001,True,False,Action.NAIR,Action.DOWNSMASH,9,44,1,2,4,3,5,0,,,
621,-25.426184,77.740074,-15.307252,54.4001,True,False,Action.NAIR,Action.DOWNSMASH,10,45,1,2,4,3,5,0,,,
622,-25.426184,77.08007,-15.307252,54.4001,True,False,Action.NAIR,Action.GRAB,11,1,1,2,4,3,5,0,,,
623,-25.426184,76.25007,-15.307252,54.4001,True,False,Action.NAIR,Action.GRAB,12,2,1,2,4,3,5,0,,,
624,-25.426184,75.25007,-15.307252,54.4001,True,False,Action.NAIR,Action.GRAB,13,3,1,2,4,3,5,0,,,
625,-25.426184,74.08007,-15.307252,54.4001,True,False,Action.NAIR,Action.GRAB,14,4,1,2,4,3,5,0,,,
626,-25.426184,72.74007,-15.307252,54.4001,True,False,Action.NAIR,Action.GRAB,15,5,1,2,4,3,5,0,,,
627,-25.426184,71.230064,-15.307252,54.4001,True,False,Action.NAIR,Action.GRAB,16,6,1,2,4,3,5,0,,,
628,-25.426184,69.550064,-15.307252,54.4001,True,False,Action.NAIR,Action.GRAB,17,7,1,2,4,3,5,0,,,
629,-25.426184,67.700066,-15.307252,54.4001,True,False,Action.NAIR,Action.GRAB,18,8,1,2,4,3,5,0,,,
630,-25.426184,65.68006,-15.307252,54.4001,True,False,Action.NAIR,Action.GRAB,19,9,1,2,4,3,5,0,,,
631,-25.426184,63.49006,-15.307252,54.4001,True,False,Action.NAIR,Action.GRAB,20,10,1,2,4,3,5,0,,,
632,-25.426184,63.49006,-15.307252,54.4001,True,False,Action.NAIR,Action.GRAB,20,11,1,2,4,3,5,0,,,
633,-25.426184,63.49006,-15.307252,54.4001,True,False,Action.NAIR,Action.GRAB,20,12,1,2,4,3,5,0,,,
634,-25.426184,63.49006,-15.307252,54.4001,True,False,Action.NAIR,Action.GRAB,20,13,1,2,4,3,5,0,,,
635,-25.426184,63.49006,-15.307252,54.4001,True,False,Action.NAIR,Action.GRAB,20,14,1,2,4,3,5,0,,,
636,-25.426184,63.49006,-15.307252,54.4001,True,False,Action.NAIR,Action.GRAB,20,15,1,2,4,3,5,0,,,
637,-25.426184,61.13006,-15.307252,54.4001,True,False,Action.NAIR,Action.GRAB,21,16,1,2,4,3,5,0,,,
638,-25.426184,58.600056,-15.307252,54.4001,True,False,Action.NAIR,Action.GRAB,22,17,1,2,4,3,5,0,,,
639,-25.426184,55.900055,-15.307252,54.4001,True,False,Action.NAIR,Action.GRAB,23,18,1,2,4,3,5,0,,,
640,-25.426184,53.030052,-15.307252,54.4001,True,False,Action.NAIR,Action.GRAB,24,19,1,2,4,3,5,0,,,
641,-25.426184,49.99005,-15.307252,54.4001,True,False,Action.NAIR,Action.GRAB,25,20,1,2,4,3,5,0,,,
642,-25.426184,46.890053,-15.307252,54.4001,True,False,Action.NAIR,Action.GRAB,26,21,1,2,4,3,5,0,,,
643,-25.426184,43.790054,-15.307252,54.4001,True,False,Action.NAIR,Action.GRAB,27,22,1,2,4,3,5,0,,,
644,-25.426184,40.690056,-15.307252,54.4001,True,False,Action.NAIR,Action.GRAB,28,23,1,2,4,3,5,0,,,
645,-25.426184,37.590057,-15.307252,54.4001,True,False,Action.NAIR,Action.GRAB,29,24,1,2,4,3,5,0,,,
646,-25.426184,34.49006,-15.307252,54.4001,True,False,Action.NAIR,Action.GRAB,30,25,1,2,4,3,5,0,,,
647,-25.426184,31.390059,-15.307252,54.4001,True,False,Action.NAIR,Action.GRAB,31,26,1,2,4,3,5,0,,,
648,-25.426184,28.290058,-15.307252,54.4001,True,False,Action.NAIR,Action.GRAB,32,27,1,2,4,3,5,0,,,
649,-25.426184,25.190058,-15.307252,54.4001,True,False,Action.NAIR,Action.GRAB,33,28,1,2,4,3,5,0,,,
650,-25.426184,22.090057,-15.307252,54.4001,True,False,Action.NAIR,Action.GRAB,34,29,1,2,4,3,5,0,,,
651,-25.426184,27.2001,-15.307252,54.4001,True,False,Action.NAIR_LANDING,Action.GRAB,1,30,2,2,4,3,5,0,,,
652,-25.426184,27.2001,-15.307252,54.4001,True,False,Action.NAIR_LANDING,Action.SPOTDODGE,3,1,2,2,4,3,5,0,,,
653,-25.426184,27.2001,-15.307252,54.4001,True,False,Action.NAIR_LANDING,Action.SPOTDODGE,5,2,2,2,4,3,5,0,,,
654,-25.426184,27.2001,-15.307252,54.4001,True,False,Action.NAIR_LANDING,Action.SPOTDODGE,7,3,2,2,4,3,5,0,,,
655,-25.426184,27.2001,-15.307252,54.4001,True,False,Action.NAIR_LANDING,Action.SPOTDODGE,9,4,2,2,4,3,5,0,,,
656,-25.426184,27.2001,-15.307252,54.4001,True,False,Action.NAIR_LANDING,Action.SPOTDODGE,11,5,2,2,4,3,5,0,,,
657,-25.426184,27.2001,-15.307252,54.4001,True,False,Action.NAIR_LANDING,Action.SPOTDODGE,13,6,2,2,4,3,5,0,,,
658,-25.426184,27.2001,-15.307252,54.4001,True,False,Action.NAIR_LANDING,Action.SPOTDODGE,15,7,2,2,4,3,5,0,,,
659,-25.426184,27.2001,-15.307252,54.4001,True,False,Action.NAIR_LANDING,Action.SPOTDODGE,17,8,2,2,4,3,5,0,,,
660,-25.426184,27.2001,-15.307252,54.4001,True,False,Action.NAIR_LANDING,Action.SPOTDODGE,19,9,2,2,4,3,5,0,,,
661,-25.426184,27.2001,-15.307252,54.4001,True,False,Action.NAIR_LANDING,Action.SPOTDODGE,21,10,2,2,4,3,5,0,,,
662,-25.426184,27.2001,-15.307252,54.4001,True,False,Action.NAIR_LANDING,Action.SPOTDODGE,23,11,2,2,4,3,5,0,,,
663,-25.426184,27.2001,-15.307252,54.4001,True,False,Action.NAIR_LANDING,Action.SPOTDODGE,25,12,2,2,4,3,5,0,,,
664,-25.426184,27.2001,-15.307252,54.4001,True,False,Action.NAIR_LANDING,Action.SPOTDODGE,27,13,2,2,4,3,5,0,,,
665,-25.426184,27.2001,-15.307252,54.4001,True,False,Action.NAIR_LANDING,Action.SPOTDODGE,29,14,2,2,4,3,5,0,,,
666,-25.426184,27.2001,-15.307252,54.4001,True,False,Action.STANDING,Action.SPOTDODGE,1,15,2,2,4,3,5,0,,,
667,-25.426184,27.2001,-15.307252,54.4001,True,False,Action.KNEE_BEND,Action.SPOTDODGE,1,16,2,2,4,3,5,0,,,
668,-25.426184,27.2001,-15.307252,54.4001,True,False,Action.KNEE_BEND,Action.SPOTDODGE,2,17,2,2,4,3,5,0,,,
669,-25.426184,27.2001,-15.307252,54.4001,True,False,Action.KNEE_BEND,Action.SPOTDODGE,3,18,2,2,4,3,5,0,,,
670,-25.426184,27.2001,-15.307252,54.4001,True,False,Action.KNEE_BEND,Action.SPOTDODGE,4,19,2,2,4,3,5,0,,,
671,-25.426184,27.2001,-15.307252,54.4001,True,False,Action.KNEE_BEND,Action.SPOTDODGE,5,20,2,2,4,3,5,0,,,
672,-25.426184,31.3001,-15.307252,54.4001,True,False,Action.JUMPING_FORWARD,Action.SPOTDODGE,1,21,1,2,4,3,5,0,,,
673,-25.426184,35.2301,-15.307252,54.4001,True,False,Action.JUMPING_FORWARD,Action.SPOTDODGE,2,22,1,2,4,3,5,0,,,
674,-25.426184,38.990097,-15.307252,54.4001,True,False,Action.JUMPING_FORWARD,Action.GRAB,3,1,1,2,4,3,5,0,,,
675,-25.426184,42.580097,-15.307252,54.4001,True,False,Action.JUMPING_FORWARD,Action.GRAB,4,2,1,2,4,3,5,0,,,
676,-25.426184,46.000095,-15.307252,54.4001,True,False,Action.JUMPING_FORWARD,Action.GRAB,5,3,1,2,4,3,5,0,,,
677,-25.426184,49.250095,-15.307252,54.4001,True,False,Action.JUMPING_FORWARD,Action.GRAB,6,4,1,2,4,3,5,0,,,
678,-25.426184,52.330093,-15.307252,54.4001,True,False,Action.JUMPING_FORWARD,Action.GRAB,7,5,1,2,4,3,5,0,,,
679,-25.426184,55.240093,-15.307252,54.4001,True,False,Action.JUMPING_FORWARD,Action.GRAB,8,6,1,2,4,3,5,0,,,
680,-24.178463,49.035286,-15.307252,54.4001,True,False,Action.GRAB_PULLING_HIGH,Action.GRAB_PULLING,1,6,1,2,4,3,5,0,,,
681,-21.043423,49.082054,-15.307252,54.4001,True,False,Action.GRAB_PULLING_HIGH,Action.GRAB_PULLING,2,7,1,2,4,3,5,0,,,
682,-21.874855,53.085808,-15.307252,54.4001,False,False,Action.THROWN_UP,Action.THROW_UP,1,1,1,2,4,3,5,0,,,
683,-21.227818,53.629753,-15.307252,54.4001,False,False,Action.THROWN_UP,Action.THROW_UP,2,2,1,2,4,3,5,0,,,
684,-20.734318,53.74266,-15.307252,54.4001,False,False,Action.THROWN_UP,Action.THROW_UP,3,3,1,2,4,3,5,0,,,
685,-20.498657,53.484863,-15.307252,54.4001,False,False,Action.THROWN_UP,Action.THROW_UP,5,5,1,2,4,3,5,0,,,
686,-19.554142,61.80181,-15.307252,54.4001,False,False,Action.THROWN_UP,Action.THROW_UP,6,6,1,2,4,3,5,0,,,
687,-15.873797,67.51534,-15.307252,54.4001,False,False,Action.THROWN_UP,Action.THROW_UP,7,7,1,2,4,3,5,0,,,
688,-15.246522,71.10466,-15.307252,54.4001,True,False,Action.DAMAGE_FLY_TOP,Action.THROW_UP,2,8,1,2,4,3,7,0,,,
689,-15.246522,73.57134,-15.307252,54.4001,True,False,Action.DAMAGE_FLY_TOP,Action.THROW_UP,3,10,1,2,4,3,7,0,,,
690,-15.246522,75.81702,-15.307252,54.4001,True,False,Action.DAMAGE_FLY_TOP,Action.THROW_UP,4,11,1,2,4,3,7,0,,,
691,-15.246522,77.8417,-15.307252,54.4001,True,False,Action.DAMAGE_FLY_TOP,Action.THROW_UP,5,12,1,2,4,3,7,0,,,
692,-15.246522,79.64538,-15.307252,54.4001,True,False,Action.DAMAGE_FLY_TOP,Action.THROW_UP,6,13,1,2,4,3,7,0,,,
693,-15.246522,81.22806,-15.307252,54.4001,True,False,Action.DAMAGE_FLY_TOP,Action.THROW_UP,7,15,1,2,4,3,7,0,,,
694,-15.246522,82.58974,-15.307252,54.4001,True,False,Action.DAMAGE_FLY_TOP,Action.THROW_UP,8,16,1,2,4,3,7,0,,,
695,-15.246522,83.730415,-15.307252,54.4001,True,False,Action.DAMAGE_FLY_TOP,Action.THROW_UP,9,17,1,2,4,3,7,0,,,
696,-15.246522,84.65009,-15.307252,54.4001,True,False,Action.DAMAGE_FLY_TOP,Action.THROW_UP,10,18,1,2,4,3,7,0,,,
697,-15.246522,85.34878,-15.307252,54.4001,True,False,Action.DAMAGE_FLY_TOP,Action.THROW_UP,11,20,1,2,4,3,8,0,,,
698,-15.246522,85.826454,-15.307252,54.4001,True,False,Action.DAMAGE_FLY_TOP,Action.THROW_UP,12,21,1,2,4,3,10,0,,,
699,-15.246522,86.08313,-15.307252,54.4001,True,False,Action.DAMAGE_FLY_TOP,Action.THROW_UP,13,22,1,2,4,3,10,0,,,
700,-15.246522,86.11881,-15.307252,54.4001,True,False,Action.DAMAGE_FLY_TOP,Action.THROW_UP,14,23,1,2,4,3,10,0,,,
701,-15.246522,85.933495,-15.307252,54.4001,True,False,Action.DAMAGE_FLY_TOP,Action.THROW_UP,15,25,1,2,4,3,10,0,,,
702,-15.246522,85.52717,-15.307252,54.4001,True,False,Action.DAMAGE_FLY_TOP,Action.THROW_UP,16,26,1,2,4,3,10,0,,,
703,-15.246522,84.89984,-15.307252,54.4001,True,False,Action.DAMAGE_FLY_TOP,Action.THROW_UP,17,27,1,2,4,3,12,0,,,
704,-15.246522,84.05152,-15.307252,54.4001,True,False,Action.DAMAGE_FLY_TOP,Action.THROW_UP,18,28,1,2,4,3,12,0,,,
705,-15.246522,82.9822,-15.307252,54.4001,True,False,Action.DAMAGE_FLY_TOP,Action.THROW_UP,19,30,1,2,4,3,12,0,,,
706,-15.246522,81.82188,-15.307252,54.4001,True,False,Action.DAMAGE_FLY_TOP,Action.THROW_UP,20,31,1,2,4,3,12,0,,,
707,-15.246522,80.61056,-15.307252,54.4001,True,False,Action.DAMAGE_FLY_TOP,Action.THROW_UP,21,32,1,2,4,3,12,0,,,
708,-15.246522,79.348236,-15.307252,54.4001,True,False,Action.DAMAGE_FLY_TOP,Action.THROW_UP,22,33,1,2,4,3,12,0,,,
709,-15.246522,78.03491,-15.307252,54.4001,True,False,Action.DAMAGE_FLY_TOP,Action.THROW_UP,23,35,1,2,4,3,12,0,,,
710,-15.246522,76.67059,-15.307252,54.4001,True,False,Action.DAMAGE_FLY_TOP,Action.THROW_UP,24,36,1,2,4,3,12,0,,,
711,-15.246522,75.25527,-15.307252,54.4001,True,False,Action.DAMAGE_FLY_TOP,Action.THROW_UP,25,37,1,2,4,3,12,0,,,
712,-15.246522,73.78895,-15.307252,54.4001,True,False,Action.DAMAGE_FLY_TOP,Action.THROW_UP,26,38,1,2,4,3,12,0,,,
713,-15.246522,72.27163,-15.307252,54.4001,True,False,Action.DAMAGE_FLY_TOP,Action.SPOTDODGE,27,1,1,2,4,3,12,0,,,
714,-15.246522,70.70331,-15.307252,54.4001,True,False,Action.DAMAGE_FLY_TOP,Action.SPOTDODGE,28,2,1,2,4,3,12,0,,,
715,-15.246522,69.083984,-15.307252,54.4001,True,False,Action.DAMAGE_FLY_TOP,Action.SPOTDODGE,29,3,1,2,4,3,12,0,,,
716,-15.246522,67.413666,-15.307252,54.4001,True,False,Action.DAMAGE_FLY_TOP,Action.SPOTDODGE,30,4,1,2,4,3,12,0,,,
717,-15.246522,65.692345,-15.307252,54.4001,True,False,Action.DAMAGE_FLY_TOP,Action.SPOTDODGE,31,5,1,2,4,3,12,0,,,
718,-15.246522,63.920025,-15.307252,54.4001,True,False,Action.DAMAGE_FLY_TOP,Action.SPOTDODGE,32,6,1,2,4,3,12,0,,,
719,-15.246522,62.096703,-15.307252,54.4001,True,False,Action.DAMAGE_FLY_TOP,Action.SPOTDODGE,33,7,1,2,4,3,12,0,,,
720,-15.246522,60.22238,-15.307252,54.4001,True,False,Action.DAMAGE_FLY_TOP,Action.SPOTDODGE,34,8,1,2,4,3,12,0,,,
721,-15.246522,58.297062,-15.307252,54.4001,True,False,Action.DAMAGE_FLY_TOP,Action.SPOTDODGE,35,9,1,2,4,3,12,0,,,
722,-15.246522,56.32074,-15.307252,54.4001,True,False,Action.DAMAGE_FLY_TOP,Action.SPOTDODGE,36,10,1,2,4,3,12,0,,,
723,-15.246522,54.29342,-15.307252,54.4001,True,False,Action.DAMAGE_FLY_TOP,Action.SPOTDODGE,37,11,1,2,4,3,12,0,,,
724,-15.246522,52.2151,-15.307252,54.4001,True,False,Action.DAMAGE_FLY_TOP,Action.SPOTDODGE,38,12,1,2,4,3,12,0,,,
725,-15.246522,50.085777,-15.307252,54.4001,True,False,Action.DAMAGE_FLY_TOP,Action.SPOTDODGE,39,13,1,2,4,3,12,0,,,
726,-15.246522,54.4001,-15.307252,54.4001,True,False,Action.TECH_MISS_UP,Action.SPOTDODGE,1,14,2,2,4,3,12,0,,,
727,-14.946522,54.4001,-15.307252,54.4001,True,False,Action.TECH_MISS_UP,Action.SPOTDODGE,2,15,2,2,4,3,12,0,,,
728,-14.646522,54.4001,-15.307252,54.4001,True,False,Action.TECH_MISS_UP,Action.SPOTDODGE,3,16,2,2,4,3,12,0,,,
729,-14.646522,54.4001,-15.307252,54.4001,True,False,Action.TECH_MISS_UP,Action.SPOTDODGE,4,17,1,2,4,3,12,0,,,
730,-14.646522,54.4001,-15.307252,54.4001,True,False,Action.TECH_MISS_UP,Action.SPOTDODGE,5,18,1,2,4,3,12,0,,,
731,-14.646522,54.4001,-15.307252,54.4001,True,False,Action.TECH_MISS_UP,Action.SPOTDODGE,6,19,1,2,4,3,12,0,,,
732,-14.646522,54.4001,-15.307252,54.4001,True,False,Action.TECH_MISS_UP,Action.SPOTDODGE,7,20,1,2,4,3,12,0,,,
733,-14.646522,54.4001,-15.307252,54.4001,True,False,Action.TECH_MISS_UP,Action.SPOTDODGE,8,21,1,2,4,3,12,0,,,
734,-14.646522,54.4001,-15.307252,54.4001,True,False,Action.TECH_MISS_UP,Action.SPOTDODGE,9,22,1,2,4,3,12,0,,,
735,-14.646522,54.4001,-15.307303,54.4001,True,False,Action.TECH_MISS_UP,Action.FSMASH_MID,10,1,1,2,4,3,12,0,,,
736,-14.646522,54.4001,-15.307428,54.4001,True,False,Action.TECH_MISS_UP,Action.FSMASH_MID,11,2,1,2,4,3,12,0,,,
737,-14.646522,54.4001,-15.307582,54.4001,True,False,Action.TECH_MISS_UP,Action.FSMASH_MID,12,3,1,2,4,3,12,0,,,
738,-14.646522,54.4001,-15.307721,54.4001,True,False,Action.TECH_MISS_UP,Action.FSMASH_MID,13,4,1,2,4,3,12,0,,,
739,-14.646522,54.4001,-15.307801,54.4001,True,False,Action.TECH_MISS_UP,Action.FSMASH_MID,14,5,1,2,4,3,12,0,,,
740,-14.646522,54.4001,-15.307779,54.4001,True,False,Action.TECH_MISS_UP,Action.FSMASH_MID,15,6,1,2,4,3,12,0,,,
741,-14.646522,54.4001,-15.3076105,54.4001,True,False,Action.TECH_MISS_UP,Action.FSMASH_MID,16,7,1,2,4,3,12,0,,,
742,-14.646522,54.4001,-15.3076105,54.4001,True,False,Action.TECH_MISS_UP,Action.FSMASH_MID,17,7,1,2,4,3,12,0,,,
743,-14.646522,54.4001,-15.3076105,54.4001,True,False,Action.TECH_MISS_UP,Action.FSMASH_MID,18,7,1,2,4,3,12,0,,,
744,-14.646522,54.4001,-15.3076105,54.4001,True,False,Action.TECH_MISS_UP,Action.FSMASH_MID,19,7,1,2,4,3,12,0,,,
745,-14.646522,54.4001,-15.3076105,54.4001,True,False,Action.TECH_MISS_UP,Action.FSMASH_MID,20,7,1,2,4,3,12,0,,,
746,-14.646522,54.4001,-15.307252,54.4001,True,False,Action.TECH_MISS_UP,Action.FSMASH_MID,21,8,1,2,4,3,12,0,,,
747,-14.646522,54.4001,-16.64983,54.4001,True,False,Action.TECH_MISS_UP,Action.FSMASH_MID,22,9,1,2,4,3,12,0,,,
748,-14.346521,54.4001,-17.992409,54.4001,True,False,Action.TECH_MISS_UP,Action.FSMASH_MID,23,10,2,2,4,3,12,0,,,
749,-14.046521,54.4001,-18.800001,54.4,True,False,Action.TECH_MISS_UP,Action.FSMASH_MID,24,11,2,2,4,3,12,0,,,
750,-13.746521,54.4001,-18.800001,54.4,True,False,Action.TECH_MISS_UP,Action.FSMASH_MID,25,12,2,2,4,3,12,0,,,
751,-13.446521,54.4001,-18.800001,54.4,True,False,Action.TECH_MISS_UP,Action.FSMASH_MID,26,13,2,2,4,3,12,0,,,
752,-13.146521,54.4001,-18.800001,54.4,True,False,Action.LYING_GROUND_UP,Action.FSMASH_MID,2,14,2,2,4,3,12,0,,,
753,-12.84652,54.4001,-18.800001,54.4,True,False,Action.GROUND_ATTACK_UP,Action.FSMASH_MID,1,15,2,2,4,3,12,0,,,
754,-12.54652,54.4001,-18.800001,54.4,True,False,Action.GROUND_ATTACK_UP,Action.FSMASH_MID,2,16,2,2,4,3,12,0,,,
755,-12.24652,54.4001,-18.800001,54.4,True,False,Action.GROUND_ATTACK_UP,Action.FSMASH_MID,3,17,2,2,4,3,12,0,,,
756,-11.94652,54.4001,-18.800001,54.4,True,False,Action.GROUND_ATTACK_UP,Action.FSMASH_MID,4,18,2,2,4,3,12,0,,,
757,-11.94652,54.4001,-18.800001,54.4,True,False,Action.GROUND_ATTACK_UP,Action.FSMASH_MID,5,19,2,2,4,3,12,0,,,
758,-11.94652,54.4001,-18.800001,54.4,True,False,Action.GROUND_ATTACK_UP,Action.FSMASH_MID,6,20,2,2,4,3,12,0,,,
759,-11.94652,54.4001,-18.800001,54.4,True,False,Action.GROUND_ATTACK_UP,Action.FSMASH_MID,7,21,2,2,4,3,12,0,,,
760,-11.94652,54.4001,-18.800001,54.4,True,False,Action.GROUND_ATTACK_UP,Action.FSMASH_MID,8,22,2,2,4,3,12,0,,,
761,-11.94652,54.4001,-18.800001,54.4,True,False,Action.GROUND_ATTACK_UP,Action.FSMASH_MID,9,23,2,2,4,3,12,0,,,
762,-11.94652,54.4001,-18.800001,54.4,True,False,Action.GROUND_ATTACK_UP,Action.FSMASH_MID,10,24,2,2,4,3,12,0,,,
763,-11.94652,54.4001,-18.800001,54.4,True,False,Action.GROUND_ATTACK_UP,Action.FSMASH_MID,11,25,2,2,4,3,12,0,,,
764,-11.94652,54.4001,-18.800001,54.4,True,False,Action.GROUND_ATTACK_UP,Action.FSMASH_MID,12,26,2,2,4,3,12,0,,,
765,-11.94652,54.4001,-18.800001,54.4,True,False,Action.GROUND_ATTACK_UP,Action.FSMASH_MID,13,27,2,2,4,3,12,0,,,
766,-11.94652,54.4001,-18.800001,54.4,True,False,Action.GROUND_ATTACK_UP,Action.FSMASH_MID,14,28,2,2,4,3,12,0,,,
767,-11.94652,54.4001,-18.800001,54.4,True,False,Action.GROUND_ATTACK_UP,Action.FSMASH_MID,15,29,2,2,4,3,12,0,,,
768,-11.94652,54.4001,-18.800001,54.4,True,False,Action.GROUND_ATTACK_UP,Action.FSMASH_MID,16,30,2,2,4,3,12,0,,,
769,-11.94652,54.4001,-18.800001,54.4001,True,False,Action.GROUND_ATTACK_UP,Action.FSMASH_MID,17,31,2,2,4,3,12,0,,,
770,-11.94652,54.4001,-18.800001,54.4001,True,False,Action.GROUND_ATTACK_UP,Action.FSMASH_MID,18,32,2,2,4,3,12,0,,,
771,-11.94652,54.4001,-18.800001,54.4001,True,False,Action.GROUND_ATTACK_UP,Action.FSMASH_MID,19,33,2,2,4,3,12,0,,,
772,-11.94652,54.4001,-18.800001,54.4001,True,False,Action.GROUND_ATTACK_UP,Action.FSMASH_MID,20,34,2,2,4,3,12,0,,,
773,-11.94652,54.4001,-18.800001,54.4001,True,False,Action.GROUND_ATTACK_UP,Action.FSMASH_MID,21,35,2,2,4,3,12,0,,,
774,-11.94652,54.4001,-18.800001,54.4001,True,False,Action.GROUND_ATTACK_UP,Action.FSMASH_MID,22,36,2,2,4,3,12,0,,,
775,-11.94652,54.4001,-18.800001,54.4001,True,False,Action.GROUND_ATTACK_UP,Action.FSMASH_MID,23,37,2,2,4,3,12,0,,,
776,-11.94652,54.4001,-18.800001,54.4001,True,True,Action.GROUND_ATTACK_UP,Action.DAMAGE_FLY_NEUTRAL,24,1,2,1,4,3,12,6,,,
777,-11.94652,54.4001,-18.800001,54.4001,True,True,Action.GROUND_ATTACK_UP,Action.DAMAGE_FLY_NEUTRAL,24,1,2,1,4,3,12,6,,,
778,-11.94652,54.4001,-22.025002,54.4,True,True,Action.GROUND_ATTACK_UP,Action.DAMAGE_FLY_NEUTRAL,24,1,2,1,4,3,12,6,,,
779,-11.94652,54.4001,-22.025002,54.4,True,True,Action.GROUND_ATTACK_UP,Action.DAMAGE_FLY_NEUTRAL,24,1,2,1,4,3,12,6,,,
780,-11.94652,54.4001,-22.025002,54.4,True,True,Action.GROUND_ATTACK_UP,Action.DAMAGE_FLY_NEUTRAL,24,1,2,1,4,3,12,6,,,
781,-11.94652,54.4001,-21.422453,54.683537,True,True,Action.GROUND_ATTACK_UP,Action.DAMAGE_FLY_NEUTRAL,25,2,2,1,4,3,12,6,,,
782,-11.94652,54.4001,-23.553509,55.757282,True,True,Action.GROUND_ATTACK_UP,Action.DAMAGE_FLY_NEUTRAL,26,3,2,1,4,3,12,6,,,
783,-11.94652,54.4001,-25.643171,56.571236,True,True,Action.GROUND_ATTACK_UP,Action.DAMAGE_FLY_NEUTRAL,27,4,2,1,4,3,12,6,,,
784,-11.94652,54.4001,-27.69144,57.125397,True,True,Action.GROUND_ATTACK_UP,Action.DAMAGE_FLY_NEUTRAL,28,5,2,1,4,3,12,6,,,
785,-11.94652,54.4001,-29.698315,57.419765,True,True,Action.GROUND_ATTACK_UP,Action.DAMAGE_FLY_NEUTRAL,29,6,2,1,4,3,12,6,,,
786,-11.94652,54.4001,-31.663795,57.45434,True,True,Action.GROUND_ATTACK_UP,Action.DAMAGE_FLY_NEUTRAL,30,7,2,1,4,3,12,6,,,
787,-11.94652,54.4001,-33.587883,57.229126,True,True,Action.GROUND_ATTACK_UP,Action.DAMAGE_FLY_NEUTRAL,31,8,2,1,4,3,12,6,,,
788,-11.94652,54.4001,-35.470577,56.74412,True,True,Action.GROUND_ATTACK_UP,Action.DAMAGE_FLY_NEUTRAL,32,9,2,1,4,3,12,6,,,
789,-11.94652,54.4001,-37.311874,55.999325,True,True,Action.GROUND_ATTACK_UP,Action.DAMAGE_FLY_NEUTRAL,33,10,2,1,4,3,12,6,,,
790,-11.94652,54.4001,-39.11178,54.994736,True,True,Action.GROUND_ATTACK_UP,Action.DAMAGE_FLY_NEUTRAL,34,11,2,1,4,3,12,6,,,
791,-11.94652,54.4001,-40.87029,53.73036,True,True,Action.GROUND_ATTACK_UP,Action.DAMAGE_FLY_NEUTRAL,35,12,2,1,4,3,12,6,,,
792,-11.94652,54.4001,-42.587406,52.20619,True,True,Action.GROUND_ATTACK_UP,Action.DAMAGE_FLY_NEUTRAL,36,13,2,1,4,3,12,6,,,
793,-11.94652,54.4001,-44.26313,50.612225,True,True,Action.GROUND_ATTACK_UP,Action.DAMAGE_FLY_NEUTRAL,37,14,2,1,4,3,12,6,,,
794,-11.94652,54.4001,-45.89746,48.988472,True,True,Action.GROUND_ATTACK_UP,Action.DAMAGE_FLY_NEUTRAL,38,15,2,1,4,3,12,6,,,
795,-11.94652,54.4001,-47.4904,47.334927,True,True,Action.GROUND_ATTACK_UP,Action.DAMAGE_FLY_NEUTRAL,39,16,2,1,4,3,12,6,,,
796,-11.94652,54.4001,-49.04194,45.65159,True,True,Action.GROUND_ATTACK_UP,Action.DAMAGE_FLY_NEUTRAL,40,17,2,1,4,3,12,6,,,
797,-11.94652,54.4001,-50.552086,43.938457,True,True,Action.GROUND_ATTACK_UP,Action.DAMAGE_FLY_NEUTRAL,41,18,2,1,4,3,12,6,,,
798,-11.94652,54.4001,-52.02084,42.195538,True,True,Action.GROUND_ATTACK_UP,Action.DAMAGE_FLY_NEUTRAL,42,19,2,1,4,3,12,6,,,
799,-11.94652,54.4001,-53.4482,40.422825,True,True,Action.GROUND_ATTACK_UP,Action.DAMAGE_FLY_NEUTRAL,43,20,2,1,4,3,12,6,,,
800,-11.94652,54.4001,-54.834167,38.62032,True,True,Action.GROUND_ATTACK_UP,Action.DAMAGE_FLY_NEUTRAL,44,21,2,1,4,3,12,6,,,
801,-11.94652,54.4001,-56.17874,36.788025,True,True,Action.GROUND_ATTACK_UP,Action.DAMAGE_FLY_NEUTRAL,45,22,2,1,4,3,12,6,,,
802,-11.94652,54.4001,-57.48192,34.925938,True,True,Action.GROUND_ATTACK_UP,Action.DAMAGE_FLY_NEUTRAL,46,23,2,1,4,3,12,6,,,
803,-11.94652,54.4001,-58.743702,33.034058,True,True,Action.GROUND_ATTACK_UP,Action.DAMAGE_FLY_NEUTRAL,47,24,2,1,4,3,12,6,,,
804,-11.94652,54.4001,-59.964092,31.112387,True,True,Action.GROUND_ATTACK_UP,Action.DAMAGE_FLY_NEUTRAL,48,25,2,1,4,3,12,6,,,
805,-11.94652,54.4001,-61.14309,29.160925,True,True,Action.GROUND_ATTACK_UP,Action.DAMAGE_FLY_NEUTRAL,49,26,2,1,4,3,12,6,,,
806,-11.94652,54.4001,-62.280693,27.17967,True,True,Action.TURNING,Action.DAMAGE_FLY_NEUTRAL,1,27,2,1,4,3,12,6,,,
807,-11.94652,54.4001,-63.376904,25.168625,True,True,Action.TURNING,Action.DAMAGE_FLY_NEUTRAL,2,28,2,1,4,3,12,6,,,
808,-11.94652,54.4001,-64.43172,23.127789,True,True,Action.TURNING,Action.DAMAGE_FLY_NEUTRAL,3,29,2,1,4,3,12,6,,,
809,-11.94652,54.4001,-65.44514,21.05716,True,True,Action.TURNING,Action.DAMAGE_FLY_NEUTRAL,4,29,2,1,4,3,12,6,,,
810,-11.94652,54.4001,-66.41717,18.95674,True,True,Action.TURNING,Action.DAMAGE_FLY_NEUTRAL,5,29,2,1,4,3,12,6,,,
811,-11.94652,54.4001,-67.3478,16.826527,False,True,Action.TURNING,Action.DAMAGE_FLY_NEUTRAL,6,29,2,1,4,3,12,6,,,
812,-11.94652,54.4001,-68.23704,14.666522,False,True,Action.TURNING,Action.DAMAGE_FLY_NEUTRAL,7,29,2,1,4,3,12,6,,,
813,-11.94652,54.4001,-69.084885,12.476726,False,True,Action.TURNING,Action.DAMAGE_FLY_NEUTRAL,8,29,2,1,4,3,12,6,,,
814,-11.94652,54.4001,-69.891335,10.257137,False,True,Action.TURNING,Action.DAMAGE_FLY_NEUTRAL,9,29,2,1,4,3,12,6,,,
815,-11.94652,54.4001,-70.656395,8.007757,False,True,Action.TURNING,Action.DAMAGE_FLY_NEUTRAL,10,29,2,1,4,3,12,6,,,
816,-11.94652,54.4001,-72.11381,12.714587,False,True,Action.TURNING,Action.JUMPING_ARIAL_BACKWARD,11,1,2,0,4,3,12,6,,,
817,-11.94652,54.4001,-73.50983,17.161625,False,True,Action.STANDING,Action.DAIR,1,1,2,0,4,3,12,6,,,
818,-11.94652,54.4001,-74.84445,21.34887,False,True,Action.STANDING,Action.DAIR,2,2,2,0,4,3,12,6,,,
819,-11.94652,54.4001,-76.11768,25.276323,False,True,Action.STANDING,Action.DAIR,3,3,2,0,4,3,12,6,,,
820,-11.94652,54.4001,-77.42953,28.943987,False,True,Action.STANDING,Action.DAIR,4,4,2,0,4,3,12,6,,,
821,-11.94652,54.4001,-78.65822,32.35186,False,True,Action.STANDING,Action.DAIR,5,5,2,0,4,3,12,6,,,
822,-11.94652,54.4001,-79.82552,35.49994,False,True,Action.STANDING,Action.DAIR,6,6,2,0,4,3,12,6,,,
823,-11.94652,54.4001,-81.01681,38.388226,False,True,Action.CROUCH_START,Action.DAIR,1,7,2,0,4,3,12,6,,,
824,-11.94652,54.4001,-82.14669,41.016724,False,True,Action.CROUCH_START,Action.DAIR,2,8,2,0,4,3,12,6,,,
825,-11.94652,54.4001,-83.21519,43.38543,False,True,Action.CROUCH_START,Action.DAIR,3,9,2,0,4,3,12,6,,,
826,-11.94652,53.730103,-84.320786,45.494343,False,True,Action.PLATFORM_DROP,Action.DAIR,0,10,1,0,4,3,12,6,,,
827,-11.94652,52.890102,-85.32299,47.343464,False,True,Action.PLATFORM_DROP,Action.DAIR,1,11,1,0,4,3,12,6,,,
828,-11.94652,51.880104,-86.2638,48.932793,False,True,Action.PLATFORM_DROP,Action.DAIR,2,12,1,0,4,3,12,6,,,
829,-11.94652,50.700104,-87.14322,50.26233,False,True,Action.PLATFORM_DROP,Action.DAIR,3,13,1,0,4,3,12,6,,,
830,-12.0161295,49.350105,-87.91924,51.332073,False,True,Action.PLATFORM_DROP,Action.DAIR,4,14,1,0,4,3,12,6,,,
831,-12.155348,47.830105,-88.70675,52.14203,False,True,Action.PLATFORM_DROP,Action.DAIR,5,15,1,0,4,3,12,6,,,
832,-12.364176,46.140106,-89.38336,52.692192,False,True,Action.PLATFORM_DROP,Action.DAIR,6,16,1,0,4,3,12,6,,,
833,-12.642613,44.280106,-89.99858,52.982563,False,True,Action.PLATFORM_DROP,Action.DAIR,7,17,1,0,4,3,12,6,,,
834,-12.990661,42.250107,-90.57958,53.028564,False,True,Action.PLATFORM_DROP,Action.DAIR,8,18,1,0,4,3,12,6,,,
835,-13.408317,40.050106,-91.082085,52.844566,False,True,Action.PLATFORM_DROP,Action.DAIR,9,19,1,0,4,3,12,6,,,
836,-13.895582,37.680107,-91.66383,52.430565,False,True,Action.PLATFORM_DROP,Action.DAIR,10,20,1,0,4,3,12,6,,,
837,-14.452457,35.140106,-92.206085,51.786564,False,True,Action.PLATFORM_DROP,Action.DAIR,11,21,1,0,4,3,12,6,,,
838,-15.078941,32.430107,-92.72833,48.386562,False,True,Action.PLATFORM_DROP,Action.DAIR,12,22,1,0,4,3,12,6,,,
839,-15.775035,29.550106,-93.324585,44.98656,False,True,Action.PLATFORM_DROP,Action.DAIR,13,23,1,0,4,3,12,6,,,
840,-16.540737,26.500107,-93.85883,41.58656,False,True,Action.PLATFORM_DROP,Action.DAIR,14,24,1,0,4,3,12,6,,,
841,-17.364252,23.400106,-94.46933,38.186558,False,True,Action.PLATFORM_DROP,Action.DAIR,15,25,1,0,4,3,12,6,,,
842,-18.187767,20.300106,-95.01783,34.786556,False,True,Action.PLATFORM_DROP,Action.DAIR,16,26,1,0,4,3,12,6,,,
843,-19.011282,17.200106,-95.48858,31.386557,False,True,Action.PLATFORM_DROP,Action.DAIR,17,27,1,0,4,3,12,6,,,
844,-19.834797,14.100105,-96.03258,27.986557,False,True,Action.PLATFORM_DROP,Action.DAIR,18,28,1,0,4,3,12,6,,,
845,-20.658312,11.000105,-96.55658,24.586557,False,True,Action.PLATFORM_DROP,Action.DAIR,19,29,1,0,4,3,12,6,,,
846,-21.481827,7.900105,-97.01483,21.186558,False,True,Action.PLATFORM_DROP,Action.DAIR,20,30,1,0,4,3,12,6,,,
847,-22.305342,4.800105,-97.429085,17.786558,False,True,Action.PLATFORM_DROP,Action.DAIR,21,31,1,0,4,3,12,6,,,
848,-23.128857,1.7001052,-97.82333,14.386559,False,True,Action.PLATFORM_DROP,Action.DAIR,22,32,1,0,4,3,12,6,,,
849,-23.952372,-1.3998947,-98.29083,10.986559,False,True,Action.PLATFORM_DROP,Action.DAIR,23,33,1,0,4,3,12,6,,,
850,-24.775887,-4.4998946,-98.757706,7.586559,False,True,Action.PLATFORM_DROP,Action.DAIR,24,34,1,0,4,3,12,6,,,
851,-25.599401,0.0001001358,-99.18583,4.1865587,False,True,Action.LANDING,Action.DAIR,1,35,2,0,4,3,12,6,,,
852,-26.342916,1e-04,-99.67596,0.7865586,False,True,Action.LANDING,Action.DAIR,2,36,2,0,4,3,12,6,,,
853,-27.006432,1e-04,-100.12583,-2.6134415,False,True,Action.LANDING,Action.DAIR,3,37,2,0,4,3,12,6,,,
854,-27.589947,1e-04,-100.510704,-6.0134416,False,True,Action.LANDING,Action.DAIR,4,38,2,0,4,3,12,6,,,
855,-28.222456,1e-04,-100.96058,-9.413442,False,True,Action.WALK_MIDDLE,Action.DAIR,1,39,2,0,4,3,12,6,,,
856,-28.897972,1e-04,-101.39046,-12.813442,False,True,Action.WALK_MIDDLE,Action.DAIR,2,40,2,0,4,3,12,6,,,
857,-29.611237,1e-04,-101.75908,-16.213442,False,True,Action.WALK_MIDDLE,Action.DAIR,3,41,2,0,4,3,12,6,,,
858,-30.35645,1e-04,-102.107704,-19.613441,False,True,Action.WALK_MIDDLE,Action.DAIR,4,42,2,0,4,3,12,6,,,
859,-31.129686,1e-04,-102.51233,-23.013441,False,True,Action.WALK_MIDDLE,Action.DAIR,5,43,2,0,4,3,12,6,,,
860,-31.927505,1e-04,-102.97895,-26.41344,False,True,Action.WALK_MIDDLE,Action.DAIR,6,44,2,0,4,3,12,6,,,
861,-32.745644,1e-04,-103.507576,-29.81344,False,True,Action.WALK_MIDDLE,Action.DAIR,8,45,2,0,4,3,12,6,,,
862,-33.581593,1e-04,-104.1162,-33.21344,False,True,Action.WALK_MIDDLE,Action.DAIR,9,46,2,0,4,3,12,6,,,
863,-34.433155,1e-04,-104.70483,-36.61344,False,True,Action.WALK_MIDDLE,Action.DAIR,11,47,2,0,4,3,12,6,,,
864,-35.298405,1e-04,-105.3727,-40.013443,False,True,Action.WALK_MIDDLE,Action.DAIR,12,48,2,0,4,3,12,6,,,
865,-36.174355,1e-04,-106.11908,-43.413445,False,True,Action.WALK_MIDDLE,Action.DAIR,14,49,2,0,4,3,12,6,,,
866,-37.059677,1e-04,-106.84545,-46.813446,False,True,Action.WALK_MIDDLE,Action.BAIR,15,1,2,0,4,3,12,6,,,
867,-37.953213,1e-04,-107.55183,-50.213448,False,True,Action.WALK_MIDDLE,Action.BAIR,17,2,2,0,4,3,12,6,,,
868,-38.852615,1e-04,-108.32995,-53.61345,False,True,Action.WALK_MIDDLE,Action.BAIR,18,3,2,0,4,3,12,6,,,
869,-39.757153,1e-04,-109.046074,-57.01345,False,True,Action.WALK_MIDDLE,Action.BAIR,20,4,2,0,4,3,12,6,,,
870,-40.66484,1e-04,-109.7827,-60.413452,False,True,Action.WALK_MIDDLE,Action.BAIR,21,5,2,0,4,3,12,6,,,
871,-41.575283,1e-04,-110.49932,-63.813454,False,True,Action.WALK_MIDDLE,Action.BAIR,23,6,2,0,4,3,12,6,,,
872,-42.488136,1e-04,-111.195946,-67.213455,False,True,Action.WALK_MIDDLE,Action.BAIR,24,7,2,0,4,3,12,6,,,
873,-43.40173,1e-04,-111.872574,-70.61346,False,True,Action.WALK_MIDDLE,Action.BAIR,26,8,2,0,4,3,12,6,,,
874,-44.31597,1e-04,-112.5292,-74.01346,False,True,Action.WALK_MIDDLE,Action.BAIR,28,9,2,0,4,3,12,6,,,
875,-45.23078,1e-04,-113.265076,-77.41346,False,True,Action.WALK_MIDDLE,Action.BAIR,29,10,2,0,4,3,12,6,,,
876,-46.138596,1e-04,-113.98095,-80.81346,False,True,Action.WALK_MIDDLE,Action.BAIR,31,11,2,0,4,3,12,6,,,
877,-47.04641,1e-04,-114.67683,-84.21346,False,True,Action.WALK_MIDDLE,Action.BAIR,32,12,2,0,4,3,12,6,,,
878,-47.954224,1e-04,-115.42383,-87.613464,False,True,Action.WALK_MIDDLE,Action.BAIR,34,13,2,0,4,3,12,6,,,
879,-48.851097,1e-04,-116.150826,-91.013466,False,True,Action.WALK_MIDDLE,Action.BAIR,1,14,2,0,4,3,12,6,,,
880,-49.74797,1e-04,-116.95708,-94.41347,False,True,Action.WALK_MIDDLE,Action.BAIR,2,15,2,0,4,3,12,6,,,
881,-50.644844,1e-04,-117.743324,-97.81347,False,True,Action.WALK_MIDDLE,Action.BAIR,4,16,2,0,4,3,12,6,,,
882,-51.53078,1e-04,-118.509575,-101.21347,False,True,Action.WALK_MIDDLE,Action.BAIR,5,17,2,0,4,3,12,6,,,
883,-52.416718,1e-04,-119.25658,-104.61347,False,True,Action.WALK_MIDDLE,Action.BAIR,7,18,2,0,4,3,12,6,,,
884,-53.302654,1e-04,-119.983574,-108.01347,False,True,Action.WALK_MIDDLE,Action.BAIR,9,19,2,0,4,3,12,6,,,
885,-54.177654,1e-04,-120.690575,-111.413475,False,True,Action.WALK_MIDDLE,Action.DEAD_DOWN,10,-1,2,0,4,2,12,6,,,
886,-55.052654,1e-04,-120.690575,-111.413475,False,True,Action.WALK_MIDDLE,Action.DEAD_DOWN,12,-1,2,0,4,2,12,6,,,
887,-55.927654,1e-04,-120.690575,-111.413475,False,True,Action.WALK_MIDDLE,Action.DEAD_DOWN,13,-1,2,0,4,2,12,6,,,
888,-56.722652,1e-04,-120.690575,-111.413475,False,True,Action.STANDING,Action.DEAD_DOWN,1,-1,2,0,4,2,12,6,,,
889,-57.437653,1e-04,-120.690575,-111.413475,False,True,Action.TAUNT_RIGHT,Action.DEAD_DOWN,1,-1,2,0,4,2,12,6,,,
890,-58.07265,1e-04,-120.690575,-111.413475,False,True,Action.TAUNT_RIGHT,Action.DEAD_DOWN,2,-1,2,0,4,2,12,6,,,
891,-58.62765,1e-04,-120.690575,-111.413475,False,True,Action.TAUNT_RIGHT,Action.DEAD_DOWN,3,-1,2,0,4,2,12,6,,,
892,-59.10265,1e-04,-120.690575,-111.413475,False,True,Action.TAUNT_RIGHT,Action.DEAD_DOWN,4,-1,2,0,4,2,12,6,,,
893,-59.49765,1e-04,-120.690575,-111.413475,False,True,Action.TAUNT_RIGHT,Action.DEAD_DOWN,5,-1,2,0,4,2,12,6,,,
894,-59.81265,1e-04,-120.690575,-111.413475,False,True,Action.TAUNT_RIGHT,Action.DEAD_DOWN,6,-1,2,0,4,2,12,6,,,
895,-60.04765,1e-04,-120.690575,-111.413475,False,True,Action.TAUNT_RIGHT,Action.DEAD_DOWN,7,-1,2,0,4,2,12,6,,,
896,-60.20265,1e-04,-120.690575,-111.413475,False,True,Action.TAUNT_RIGHT,Action.DEAD_DOWN,8,-1,2,0,4,2,12,6,,,
897,-60.27765,1e-04,-120.690575,-111.413475,False,True,Action.TAUNT_RIGHT,Action.DEAD_DOWN,9,-1,2,0,4,2,12,6,,,
898,-60.27765,1e-04,-120.690575,-111.413475,False,True,Action.TAUNT_RIGHT,Action.DEAD_DOWN,10,-1,2,0,4,2,12,6,,,
899,-60.27765,1e-04,-120.690575,-111.413475,False,True,Action.TAUNT_RIGHT,Action.DEAD_DOWN,11,-1,2,0,4,2,12,6,,,
900,-60.27765,1e-04,-120.690575,-111.413475,False,True,Action.TAUNT_RIGHT,Action.DEAD_DOWN,12,-1,2,0,4,2,12,6,,,
901,-60.27765,1e-04,-120.690575,-111.413475,False,True,Action.TAUNT_RIGHT,Action.DEAD_DOWN,13,-1,2,0,4,2,12,6,,,
902,-60.27765,1e-04,-120.690575,-111.413475,False,True,Action.TAUNT_RIGHT,Action.DEAD_DOWN,14,-1,2,0,4,2,12,6,,,
903,-60.27765,1e-04,-120.690575,-111.413475,False,True,Action.TAUNT_RIGHT,Action.DEAD_DOWN,15,-1,2,0,4,2,12,6,,,
904,-60.27765,1e-04,-120.690575,-111.413475,False,True,Action.TAUNT_RIGHT,Action.DEAD_DOWN,16,-1,2,0,4,2,12,6,,,
905,-60.27765,1e-04,-120.690575,-111.413475,False,True,Action.TAUNT_RIGHT,Action.DEAD_DOWN,17,-1,2,0,4,2,12,6,,,
906,-60.27765,1e-04,-120.690575,-111.413475,False,True,Action.TAUNT_RIGHT,Action.DEAD_DOWN,18,-1,2,0,4,2,12,6,,,
907,-60.27765,1e-04,-120.690575,-111.413475,False,True,Action.TAUNT_RIGHT,Action.DEAD_DOWN,19,-1,2,0,4,2,12,6,,,
908,-60.27765,1e-04,-120.690575,-111.413475,False,True,Action.TAUNT_RIGHT,Action.DEAD_DOWN,20,-1,2,0,4,2,12,6,,,
909,-60.27765,1e-04,-120.690575,-111.413475,False,True,Action.TAUNT_RIGHT,Action.DEAD_DOWN,21,-1,2,0,4,2,12,6,,,
910,-60.27765,1e-04,-120.690575,-111.413475,False,True,Action.TAUNT_RIGHT,Action.DEAD_DOWN,22,-1,2,0,4,2,12,6,,,
911,-60.27765,1e-04,-120.690575,-111.413475,False,True,Action.TAUNT_RIGHT,Action.DEAD_DOWN,23,-1,2,0,4,2,12,6,,,
912,-60.27765,1e-04,-120.690575,-111.413475,False,True,Action.TAUNT_RIGHT,Action.DEAD_DOWN,24,-1,2,0,4,2,12,6,,,
913,-60.27765,1e-04,-120.690575,-111.413475,False,True,Action.TAUNT_RIGHT,Action.DEAD_DOWN,25,-1,2,0,4,2,12,6,,,
914,-60.27765,1e-04,-120.690575,-111.413475,False,True,Action.TAUNT_RIGHT,Action.DEAD_DOWN,26,-1,2,0,4,2,12,6,,,
915,-60.27765,1e-04,-120.690575,-111.413475,False,True,Action.TAUNT_RIGHT,Action.DEAD_DOWN,27,-1,2,0,4,2,12,6,,,
916,-60.27765,1e-04,-120.690575,-111.413475,False,True,Action.TAUNT_RIGHT,Action.DEAD_DOWN,28,-1,2,0,4,2,12,6,,,
917,-60.27765,1e-04,-120.690575,-111.413475,False,True,Action.TAUNT_RIGHT,Action.DEAD_DOWN,29,-1,2,0,4,2,12,6,,,
918,-60.27765,1e-04,-120.690575,-111.413475,False,True,Action.TAUNT_RIGHT,Action.DEAD_DOWN,30,-1,2,0,4,2,12,6,,,
919,-60.27765,1e-04,-120.690575,-111.413475,False,True,Action.TAUNT_RIGHT,Action.DEAD_DOWN,31,-1,2,0,4,2,12,6,,,
920,-60.27765,1e-04,-120.690575,-111.413475,False,True,Action.TAUNT_RIGHT,Action.DEAD_DOWN,32,-1,2,0,4,2,12,6,,,
921,-60.27765,1e-04,-120.690575,-111.413475,False,True,Action.TAUNT_RIGHT,Action.DEAD_DOWN,33,-1,2,0,4,2,12,6,,,
922,-60.27765,1e-04,-120.690575,-111.413475,False,True,Action.TAUNT_RIGHT,Action.DEAD_DOWN,34,-1,2,0,4,2,12,6,,,
923,-60.27765,1e-04,-120.690575,-111.413475,False,True,Action.TAUNT_RIGHT,Action.DEAD_DOWN,35,-1,2,0,4,2,12,6,,,
924,-60.27765,1e-04,-120.690575,-111.413475,False,True,Action.TAUNT_RIGHT,Action.DEAD_DOWN,36,-1,2,0,4,2,12,6,,,
925,-60.27765,1e-04,-120.690575,-111.413475,False,True,Action.TAUNT_RIGHT,Action.DEAD_DOWN,37,-1,2,0,4,2,12,6,,,
926,-60.27765,1e-04,-120.690575,-111.413475,False,True,Action.TAUNT_RIGHT,Action.DEAD_DOWN,38,-1,2,0,4,2,12,6,,,
927,-60.27765,1e-04,-120.690575,-111.413475,False,True,Action.TAUNT_RIGHT,Action.DEAD_DOWN,39,-1,2,0,4,2,12,6,,,
928,-60.27765,1e-04,-120.690575,-111.413475,False,True,Action.TAUNT_RIGHT,Action.DEAD_DOWN,40,-1,2,0,4,2,12,6,,,
929,-60.27765,1e-04,-120.690575,-111.413475,False,True,Action.TAUNT_RIGHT,Action.DEAD_DOWN,41,-1,2,0,4,2,12,6,,,
930,-60.27765,1e-04,-120.690575,-111.413475,False,True,Action.TAUNT_RIGHT,Action.DEAD_DOWN,42,-1,2,0,4,2,12,6,,,
931,-60.27765,1e-04,-120.690575,-111.413475,False,True,Action.TAUNT_RIGHT,Action.DEAD_DOWN,43,-1,2,0,4,2,12,6,,,
932,-60.27765,1e-04,-120.690575,-111.413475,False,True,Action.TAUNT_RIGHT,Action.DEAD_DOWN,44,-1,2,0,4,2,12,6,,,
933,-60.27765,1e-04,-120.690575,-111.413475,False,True,Action.TAUNT_RIGHT,Action.DEAD_DOWN,45,-1,2,0,4,2,12,6,,,
934,-60.27765,1e-04,-120.690575,-111.413475,False,True,Action.TAUNT_RIGHT,Action.DEAD_DOWN,46,-1,2,0,4,2,12,6,,,
935,-60.27765,1e-04,-120.690575,-111.413475,False,True,Action.TAUNT_RIGHT,Action.DEAD_DOWN,47,-1,2,0,4,2,12,6,,,
936,-60.27765,1e-04,-120.690575,-111.413475,False,True,Action.TAUNT_RIGHT,Action.DEAD_DOWN,48,-1,2,0,4,2,12,6,,,
937,-60.27765,1e-04,-120.690575,-111.413475,False,True,Action.TAUNT_RIGHT,Action.DEAD_DOWN,49,-1,2,0,4,2,12,6,,,
938,-60.27765,1e-04,-120.690575,-111.413475,False,True,Action.TAUNT_RIGHT,Action.DEAD_DOWN,50,-1,2,0,4,2,12,6,,,
939,-60.27765,1e-04,-120.690575,-111.413475,False,True,Action.TAUNT_RIGHT,Action.DEAD_DOWN,51,-1,2,0,4,2,12,6,,,
940,-60.27765,1e-04,-120.690575,-111.413475,False,True,Action.TAUNT_RIGHT,Action.DEAD_DOWN,52,-1,2,0,4,2,12,6,,,
941,-60.27765,1e-04,-120.690575,-111.413475,False,True,Action.TAUNT_RIGHT,Action.DEAD_DOWN,53,-1,2,0,4,2,12,6,,,
942,-60.27765,1e-04,-120.690575,-111.413475,False,True,Action.TAUNT_RIGHT,Action.DEAD_DOWN,54,-1,2,0,4,2,12,6,,,
943,-60.27765,1e-04,-120.690575,-111.413475,False,True,Action.TAUNT_RIGHT,Action.DEAD_DOWN,55,-1,2,0,4,2,12,6,,,
944,-60.27765,1e-04,-120.690575,-111.413475,False,True,Action.TAUNT_RIGHT,Action.DEAD_DOWN,56,-1,2,0,4,2,12,6,,,
945,-60.27765,1e-04,12.8,135.06665,False,False,Action.TAUNT_RIGHT,Action.ON_HALO_DESCENT,57,1,2,1,4,2,12,0,,,
946,-60.27765,1e-04,12.8,134.13332,False,False,Action.TAUNT_RIGHT,Action.ON_HALO_DESCENT,58,2,2,1,4,2,12,0,,,
947,-60.27765,1e-04,12.8,133.19998,False,False,Action.TAUNT_RIGHT,Action.ON_HALO_DESCENT,59,3,2,1,4,2,12,0,,,
948,-60.27765,1e-04,12.8,132.26665,False,False,Action.TAUNT_RIGHT,Action.ON_HALO_DESCENT,60,4,2,1,4,2,12,0,,,
949,-60.27765,1e-04,12.8,131.33331,False,False,Action.TAUNT_RIGHT,Action.ON_HALO_DESCENT,61,5,2,1,4,2,12,0,,,
950,-60.27765,1e-04,12.8,130.39998,False,False,Action.TAUNT_RIGHT,Action.ON_HALO_DESCENT,62,6,2,1,4,2,12,0,,,
951,-60.27765,1e-04,12.8,129.46664,False,False,Action.TAUNT_RIGHT,Action.ON_HALO_DESCENT,63,7,2,1,4,2,12,0,,,
952,-60.27765,1e-04,12.8,128.53331,False,False,Action.TAUNT_RIGHT,Action.ON_HALO_DESCENT,64,8,2,1,4,2,12,0,,,
953,-60.27765,1e-04,12.8,127.599976,False,False,Action.TAUNT_RIGHT,Action.ON_HALO_DESCENT,65,9,2,1,4,2,12,0,,,
954,-60.27765,1e-04,12.8,126.66664,False,False,Action.TAUNT_RIGHT,Action.ON_HALO_DESCENT,66,10,2,1,4,2,12,0,,,
955,-60.27765,1e-04,12.8,125.73331,False,False,Action.TAUNT_RIGHT,Action.ON_HALO_DESCENT,67,11,2,1,4,2,12,0,,,
956,-60.27765,1e-04,12.8,124.79997,False,False,Action.TAUNT_RIGHT,Action.ON_HALO_DESCENT,68,12,2,1,4,2,12,0,,,
957,-60.27765,1e-04,12.8,123.86664,False,False,Action.TAUNT_RIGHT,Action.ON_HALO_DESCENT,69,13,2,1,4,2,12,0,,,
958,-60.27765,1e-04,12.8,122.933304,False,False,Action.TAUNT_RIGHT,Action.ON_HALO_DESCENT,70,14,2,1,4,2,12,0,,,
959,-60.27765,1e-04,12.8,121.99997,False,False,Action.TAUNT_RIGHT,Action.ON_HALO_DESCENT,71,15,2,1,4,2,12,0,,,
960,-60.27765,1e-04,12.8,121.066635,False,False,Action.TAUNT_RIGHT,Action.ON_HALO_DESCENT,72,16,2,1,4,2,12,0,,,
961,-60.27765,1e-04,12.8,120.1333,False,False,Action.TAUNT_RIGHT,Action.ON_HALO_DESCENT,73,17,2,1,4,2,12,0,,,
962,-60.27765,1e-04,12.8,119.19997,False,False,Action.TAUNT_RIGHT,Action.ON_HALO_DESCENT,74,18,2,1,4,2,12,0,,,
963,-60.27765,1e-04,12.8,118.26663,False,False,Action.TAUNT_RIGHT,Action.ON_HALO_DESCENT,75,19,2,1,4,2,12,0,,,
964,-60.27765,1e-04,12.8,117.3333,False,False,Action.TAUNT_RIGHT,Action.ON_HALO_DESCENT,76,20,2,1,4,2,12,0,,,
965,-60.27765,1e-04,12.8,116.39996,False,False,Action.TAUNT_RIGHT,Action.ON_HALO_DESCENT,77,21,2,1,4,2,12,0,,,
966,-60.27765,1e-04,12.8,115.46663,False,False,Action.TAUNT_RIGHT,Action.ON_HALO_DESCENT,78,22,2,1,4,2,12,0,,,
967,-60.27765,1e-04,12.8,114.533295,False,False,Action.TAUNT_RIGHT,Action.ON_HALO_DESCENT,79,23,2,1,4,2,12,0,,,
968,-60.27765,1e-04,12.8,113.59996,False,False,Action.TAUNT_RIGHT,Action.ON_HALO_DESCENT,80,24,2,1,4,2,12,0,,,
969,-60.27765,1e-04,12.8,112.666626,False,False,Action.TAUNT_RIGHT,Action.ON_HALO_DESCENT,81,25,2,1,4,2,12,0,,,
970,-60.27765,1e-04,12.8,111.73329,False,False,Action.TAUNT_RIGHT,Action.ON_HALO_DESCENT,82,26,2,1,4,2,12,0,,,
971,-60.27765,1e-04,12.8,110.79996,False,False,Action.TAUNT_RIGHT,Action.ON_HALO_DESCENT,83,27,2,1,4,2,12,0,,,
972,-60.27765,1e-04,12.8,109.86662,False,False,Action.TAUNT_RIGHT,Action.ON_HALO_DESCENT,84,28,2,1,4,2,12,0,,,
973,-60.27765,1e-04,12.8,108.93329,False,False,Action.TAUNT_RIGHT,Action.ON_HALO_DESCENT,85,29,2,1,4,2,12,0,,,
974,-60.27765,1e-04,12.8,107.999954,False,False,Action.TAUNT_RIGHT,Action.ON_HALO_DESCENT,86,30,2,1,4,2,12,0,,,
975,-60.27765,1e-04,12.8,107.06662,False,False,Action.TAUNT_RIGHT,Action.ON_HALO_DESCENT,87,31,2,1,4,2,12,0,,,
976,-60.27765,1e-04,12.8,106.133286,False,False,Action.TAUNT_RIGHT,Action.ON_HALO_DESCENT,88,32,2,1,4,2,12,0,,,
977,-60.27765,1e-04,12.8,105.19995,False,False,Action.TAUNT_RIGHT,Action.ON_HALO_DESCENT,89,33,2,1,4,2,12,0,,,
978,-60.27765,1e-04,12.8,104.26662,False,False,Action.TAUNT_RIGHT,Action.ON_HALO_DESCENT,90,34,2,1,4,2,12,0,,,
979,-60.27765,1e-04,12.8,103.33328,False,False,Action.TAUNT_RIGHT,Action.ON_HALO_DESCENT,91,35,2,1,4,2,12,0,,,
980,-60.27765,1e-04,12.8,102.39995,False,False,Action.TAUNT_RIGHT,Action.ON_HALO_DESCENT,92,36,2,1,4,2,12,0,,,
981,-60.27765,1e-04,12.8,101.46661,False,False,Action.TAUNT_RIGHT,Action.ON_HALO_DESCENT,93,37,2,1,4,2,12,0,,,
982,-60.27765,1e-04,12.8,100.53328,False,False,Action.TAUNT_RIGHT,Action.ON_HALO_DESCENT,94,38,2,1,4,2,12,0,,,
983,-60.27765,1e-04,12.8,99.599945,False,False,Action.TAUNT_RIGHT,Action.ON_HALO_DESCENT,95,39,2,1,4,2,12,0,,,
984,-60.27765,1e-04,12.8,98.66661,False,False,Action.TAUNT_RIGHT,Action.ON_HALO_DESCENT,96,40,2,1,4,2,12,0,,,
985,-60.27765,1e-04,12.8,97.73328,False,False,Action.TAUNT_RIGHT,Action.ON_HALO_DESCENT,97,41,2,1,4,2,12,0,,,
986,-60.27765,1e-04,12.8,96.79995,False,False,Action.TAUNT_RIGHT,Action.ON_HALO_DESCENT,98,42,2,1,4,2,12,0,,,
987,-60.27765,1e-04,12.8,95.86662,False,False,Action.TAUNT_RIGHT,Action.ON_HALO_DESCENT,99,43,2,1,4,2,12,0,,,
988,-60.27765,1e-04,12.8,94.93329,False,False,Action.TAUNT_RIGHT,Action.ON_HALO_DESCENT,100,44,2,1,4,2,12,0,,,
989,-60.27765,1e-04,12.8,93.999954,False,False,Action.TAUNT_RIGHT,Action.ON_HALO_DESCENT,101,45,2,1,4,2,12,0,,,
990,-60.27765,1e-04,12.8,93.06663,False,False,Action.TAUNT_RIGHT,Action.ON_HALO_DESCENT,102,46,2,1,4,2,12,0,,,
991,-60.27765,1e-04,12.8,92.13329,False,False,Action.TAUNT_RIGHT,Action.ON_HALO_DESCENT,103,47,2,1,4,2,12,0,,,
992,-60.27765,1e-04,12.8,91.19997,False,False,Action.TAUNT_RIGHT,Action.ON_HALO_DESCENT,104,48,2,1,4,2,12,0,,,
993,-60.27765,1e-04,12.8,90.26663,False,False,Action.TAUNT_RIGHT,Action.ON_HALO_DESCENT,105,49,2,1,4,2,12,0,,,
994,-60.27765,1e-04,12.8,89.333305,False,False,Action.TAUNT_RIGHT,Action.ON_HALO_DESCENT,106,50,2,1,4,2,12,0,,,
995,-60.27765,1e-04,12.8,88.39998,False,False,Action.TAUNT_RIGHT,Action.ON_HALO_DESCENT,107,51,2,1,4,2,12,0,,,
996,-60.27765,1e-04,12.8,87.466644,False,False,Action.TAUNT_RIGHT,Action.ON_HALO_DESCENT,108,52,2,1,4,2,12,0,,,
997,-60.27765,1e-04,12.8,86.53331,False,False,Action.TAUNT_RIGHT,Action.ON_HALO_DESCENT,109,53,2,1,4,2,12,0,,,
998,-60.27765,1e-04,12.8,85.59998,False,False,Action.TAUNT_RIGHT,Action.ON_HALO_DESCENT,110,54,2,1,4,2,12,0,,,
999,-60.27765,1e-04,12.8,84.66666,False,False,Action.TAUNT_RIGHT,Action.ON_HALO_DESCENT,111,55,2,1,4,2,12,0,,,
1000,-60.27765,1e-04,12.8,83.73332,False,False,Action.TAUNT_RIGHT,Action.ON_HALO_DESCENT,112,56,2,1,4,2,12,0,,,
1001,-60.27765,1e-04,12.8,82.79999,False,False,Action.TAUNT_RIGHT,Action.ON_HALO_DESCENT,113,57,2,1,4,2,12,0,,,
1002,-60.27765,1e-04,12.8,81.86666,False,False,Action.TAUNT_RIGHT,Action.ON_HALO_DESCENT,114,58,2,1,4,2,12,0,,,
1003,-60.27765,1e-04,12.8,80.933334,False,False,Action.TAUNT_RIGHT,Action.ON_HALO_DESCENT,115,59,2,1,4,2,12,0,,,
1004,-60.27765,1e-04,12.8,80.0,False,False,Action.STANDING,Action.ON_HALO_DESCENT,1,60,2,1,4,2,12,0,,,
1005,-60.27765,1e-04,12.74775,79.76999,False,False,Action.STANDING,Action.DAIR,2,1,2,1,4,2,12,0,,,
1006,-60.27765,1e-04,12.6335,76.36999,False,False,Action.STANDING,Action.DAIR,3,2,2,1,4,2,12,0,,,
1007,-60.27765,1e-04,12.44075,72.969986,False,False,Action.STANDING,Action.DAIR,4,3,2,1,4,2,12,0,,,
1008,-60.27765,1e-04,12.30775,69.569984,False,False,Action.TURNING,Action.DAIR,1,4,2,1,4,2,12,0,,,
1009,-60.27765,1e-04,12.115749,66.16998,False,False,Action.TURNING,Action.DAIR,2,5,2,1,4,2,12,0,,,
1010,-60.27765,1e-04,11.86175,62.76998,False,False,Action.TURNING,Action.DAIR,3,6,2,1,4,2,12,0,,,
1011,-60.27765,1e-04,11.6735,59.36998,False,False,Action.TURNING,Action.DAIR,4,7,2,1,4,2,12,0,,,
1012,-60.27765,1e-04,11.405251,55.96998,False,False,Action.TURNING,Action.DAIR,5,8,2,1,4,2,12,0,,,
1013,-60.27765,1e-04,11.156251,52.569977,True,False,Action.TURNING,Action.DAIR,6,9,2,1,4,2,12,0,,,
1014,-60.27765,1e-04,10.845251,54.4001,True,False,Action.TURNING,Action.DAIR_LANDING,7,1,2,2,4,2,12,0,,,
1015,-60.27765,1e-04,10.614251,54.4001,True,False,Action.TURNING,Action.DAIR_LANDING,8,4,2,2,4,2,12,0,,,
1016,-60.27765,1e-04,10.463251,54.4001,True,False,Action.TURNING,Action.DAIR_LANDING,9,7,2,2,4,2,12,0,,,
1017,-60.27765,1e-04,10.392251,54.4001,True,False,Action.TURNING,Action.DAIR_LANDING,10,11,2,2,4,2,12,0,,,
1018,-60.27765,1e-04,10.392251,54.4001,True,False,Action.TURNING,Action.DAIR_LANDING,11,14,2,2,4,2,12,0,,,
1019,-60.27765,1e-04,10.392251,54.4001,True,False,Action.STANDING,Action.DAIR_LANDING,1,17,2,2,4,2,12,0,,,
1020,-60.27765,1e-04,10.392251,54.4001,True,False,Action.STANDING,Action.DAIR_LANDING,2,21,2,2,4,2,12,0,,,
1021,-60.27765,1e-04,10.392251,54.4001,True,False,Action.KNEE_BEND,Action.DAIR_LANDING,1,24,2,2,4,2,12,0,,,
1022,-60.27765,1e-04,10.392251,54.4001,True,False,Action.KNEE_BEND,Action.DAIR_LANDING,2,27,2,2,4,2,12,0,,,
1023,-60.27765,1e-04,10.3921995,54.4001,True,False,Action.KNEE_BEND,Action.FSMASH_MID,3,1,2,2,4,2,12,0,,,
1024,-60.27765,1e-04,10.392075,54.4001,True,False,Action.KNEE_BEND,Action.FSMASH_MID,4,2,2,2,4,2,12,0,,,
1025,-60.27765,1e-04,10.391921,54.4001,True,False,Action.KNEE_BEND,Action.FSMASH_MID,5,3,2,2,4,2,12,0,,,
1026,-59.82568,4.1001,10.391782,54.4001,True,False,Action.JUMPING_FORWARD,Action.FSMASH_MID,1,4,1,2,4,2,12,0,,,
1027,-59.321426,8.0301,10.391702,54.4001,True,False,Action.JUMPING_FORWARD,Action.FSMASH_MID,2,5,1,2,4,2,12,0,,,
1028,-58.785522,11.7901,10.391724,54.4001,True,False,Action.JUMPING_FORWARD,Action.FSMASH_MID,3,6,1,2,4,2,12,0,,,
1029,-58.24962,15.3801,10.391892,54.4001,True,False,Action.JUMPING_FORWARD,Action.FSMASH_MID,4,7,1,2,4,2,12,0,,,
1030,-57.713715,18.8001,10.392251,54.4001,True,False,Action.JUMPING_FORWARD,Action.FSMASH_MID,5,8,1,2,4,2,12,0,,,
1031,-57.17781,22.0501,9.049673,54.4001,True,False,Action.JUMPING_FORWARD,Action.FSMASH_MID,6,9,1,2,4,2,12,0,,,
1032,-56.641907,25.1301,7.707095,54.4001,True,False,Action.JUMPING_FORWARD,Action.FSMASH_MID,7,10,1,2,4,2,12,0,,,
1033,-56.04112,28.0401,6.364517,54.4001,True,False,Action.JUMPING_FORWARD,Action.FSMASH_MID,8,11,1,2,4,2,12,0,,,
1034,-55.37033,30.7801,5.021939,54.4001,True,False,Action.JUMPING_FORWARD,Action.FSMASH_MID,9,12,1,2,4,2,12,0,,,
1035,-54.629543,33.350098,3.6793609,54.4001,True,False,Action.JUMPING_FORWARD,Action.FSMASH_MID,10,13,1,2,4,2,12,0,,,
1036,-53.818756,35.750095,2.336783,54.4001,True,False,Action.JUMPING_FORWARD,Action.FSMASH_MID,11,14,1,2,4,2,12,0,,,
1037,-53.02797,37.980095,1.3402497,54.4001,True,False,Action.JUMPING_FORWARD,Action.FSMASH_MID,12,15,1,2,4,2,12,0,,,
1038,-52.257183,40.040092,0.34371632,54.4001,True,False,Action.JUMPING_FORWARD,Action.FSMASH_MID,13,16,1,2,4,2,12,0,,,
1039,-51.506397,41.93009,-0.65281606,54.4001,True,False,Action.JUMPING_FORWARD,Action.FSMASH_MID,14,17,1,2,4,2,12,0,,,
1040,-50.775608,43.65009,-1.6493495,54.4001,True,False,Action.JUMPING_FORWARD,Action.FSMASH_MID,15,18,1,2,4,2,12,0,,,
1041,-50.06482,45.20009,-2.6458828,54.4001,True,False,Action.JUMPING_FORWARD,Action.FSMASH_MID,16,19,1,2,4,2,12,0,,,
1042,-49.284424,46.580086,-3.6424162,54.4001,True,False,Action.JUMPING_FORWARD,Action.FSMASH_MID,17,20,1,2,4,2,12,0,,,
1043,-48.454422,47.790085,-4.6389484,54.4001,True,False,Action.JUMPING_FORWARD,Action.FSMASH_MID,18,21,1,2,4,2,12,0,,,
1044,-47.62442,48.830086,-5.635483,54.4001,True,False,Action.JUMPING_FORWARD,Action.FSMASH_MID,19,22,1,2,4,2,12,0,,,
1045,-46.79442,49.700085,-6.632015,54.4001,True,False,Action.JUMPING_FORWARD,Action.FSMASH_MID,20,23,1,2,4,2,12,0,,,
1046,-45.964417,50.400085,-7.6285477,54.4001,True,False,Action.JUMPING_FORWARD,Action.FSMASH_MID,21,24,1,2,4,2,12,0,,,
1047,-45.134415,50.930084,-8.625082,54.4001,True,False,Action.JUMPING_FORWARD,Action.FSMASH_MID,22,25,1,2,4,2,12,0,,,
1048,-44.304413,51.290085,-9.621614,54.4001,True,False,Action.JUMPING_FORWARD,Action.FSMASH_MID,23,26,1,2,4,2,12,0,,,
1049,-43.47441,51.480083,-10.618149,54.4001,True,False,Action.JUMPING_FORWARD,Action.FSMASH_MID,24,27,1,2,4,2,12,0,,,
1050,-42.64441,51.500084,-11.614681,54.4001,True,False,Action.JUMPING_FORWARD,Action.FSMASH_MID,25,28,1,2,4,2,12,0,,,
1051,-41.814407,51.350082,-12.611214,54.4001,True,False,Action.JUMPING_FORWARD,Action.FSMASH_MID,26,29,1,2,4,2,12,0,,,
1052,-40.984406,51.030083,-13.607748,54.4001,True,False,Action.JUMPING_FORWARD,Action.FSMASH_MID,27,30,1,2,4,2,12,0,,,
1053,-40.154404,50.54008,-13.607748,54.4001,True,False,Action.JUMPING_FORWARD,Action.FSMASH_MID,28,31,1,2,4,2,12,0,,,
1054,-39.3244,49.88008,-13.607748,54.4001,True,False,Action.JUMPING_FORWARD,Action.FSMASH_MID,29,32,1,2,4,2,12,0,,,
1055,-38.4944,49.05008,-13.607748,54.4001,True,False,Action.JUMPING_FORWARD,Action.FSMASH_MID,30,33,1,2,4,2,12,0,,,
1056,-37.596603,52.734077,-13.607748,54.4001,True,False,Action.JUMPING_ARIAL_FORWARD,Action.FSMASH_MID,1,34,0,2,4,2,12,0,,,
1057,-36.718807,56.248077,-13.607748,54.4001,True,False,Action.JUMPING_ARIAL_FORWARD,Action.FSMASH_MID,2,35,0,2,4,2,12,0,,,
1058,-35.86101,59.592075,-13.607748,54.4001,True,False,Action.JUMPING_ARIAL_FORWARD,Action.FSMASH_MID,3,36,0,2,4,2,12,0,,,
1059,-35.023216,62.766075,-13.607748,54.4001,True,False,Action.JUMPING_ARIAL_FORWARD,Action.FSMASH_MID,4,37,0,2,4,2,12,0,,,
1060,-34.20542,65.77007,-13.607748,54.4001,True,False,Action.JUMPING_ARIAL_FORWARD,Action.FSMASH_MID,5,38,0,2,4,2,12,0,,,
1061,-33.407627,68.60407,-13.607748,54.4001,True,False,Action.JUMPING_ARIAL_FORWARD,Action.FSMASH_MID,6,39,0,2,4,2,12,0,,,
1062,-32.629833,71.268074,-13.607748,54.4001,True,False,Action.JUMPING_ARIAL_FORWARD,Action.NEUTRAL_B_ATTACKING_AIR,7,1,0,2,4,2,12,0,,,
1063,-31.872038,73.76207,-13.607748,54.4001,True,False,Action.JUMPING_ARIAL_FORWARD,Action.NEUTRAL_B_ATTACKING_AIR,8,2,0,2,4,2,12,0,,,
1064,-31.134243,76.08607,-13.607748,54.4001,True,False,Action.JUMPING_ARIAL_FORWARD,Action.NEUTRAL_B_ATTACKING_AIR,9,3,0,2,4,2,12,0,,,
1065,-30.416447,78.24007,-13.607748,54.4001,True,False,Action.JUMPING_ARIAL_FORWARD,Action.NEUTRAL_B_ATTACKING_AIR,10,4,0,2,4,2,12,0,,,
1066,-29.71865,80.22407,-13.607748,54.4001,True,False,Action.JUMPING_ARIAL_FORWARD,Action.NEUTRAL_B_ATTACKING_AIR,11,5,0,2,4,2,12,0,,,
1067,-29.040855,82.03807,-13.607748,54.4001,True,False,Action.JUMPING_ARIAL_FORWARD,Action.NEUTRAL_B_ATTACKING_AIR,12,6,0,2,4,2,12,0,,,
1068,-28.38306,83.68207,-13.607748,54.4001,True,False,Action.JUMPING_ARIAL_FORWARD,Action.NEUTRAL_B_ATTACKING_AIR,13,7,0,2,4,2,12,0,,,
1069,-27.745264,85.15607,-13.607748,54.4001,True,False,Action.JUMPING_ARIAL_FORWARD,Action.NEUTRAL_B_ATTACKING_AIR,14,8,0,2,4,2,12,0,,,
1070,-27.127468,86.46007,-13.607748,54.4001,True,False,Action.JUMPING_ARIAL_FORWARD,Action.NEUTRAL_B_ATTACKING_AIR,15,9,0,2,4,2,12,0,,,
1071,-26.529673,87.59407,-13.607748,54.4001,True,False,Action.JUMPING_ARIAL_FORWARD,Action.NEUTRAL_B_ATTACKING_AIR,16,10,0,2,4,2,12,0,,,
1072,-25.951878,88.55807,-13.607748,54.4001,True,False,Action.JUMPING_ARIAL_FORWARD,Action.NEUTRAL_B_ATTACKING_AIR,17,11,0,2,4,2,12,0,,,
1073,-25.394081,89.352066,-13.607748,54.4001,True,False,Action.JUMPING_ARIAL_FORWARD,Action.NEUTRAL_B_ATTACKING_AIR,18,12,0,2,4,2,12,0,,,
1074,-24.856285,89.97607,-13.607748,54.4001,True,False,Action.JUMPING_ARIAL_FORWARD,Action.NEUTRAL_B_ATTACKING_AIR,19,13,0,2,4,2,12,0,,,
1075,-24.33849,90.43007,-13.607748,54.4001,True,False,Action.JUMPING_ARIAL_FORWARD,Action.NEUTRAL_B_ATTACKING_AIR,20,14,0,2,4,2,12,0,,,
1076,-23.840694,90.714066,-13.607748,54.4001,True,False,Action.JUMPING_ARIAL_FORWARD,Action.NEUTRAL_B_ATTACKING_AIR,21,15,0,2,4,2,12,0,,,
1077,-23.362898,90.828064,-13.607748,54.4001,True,False,Action.JUMPING_ARIAL_FORWARD,Action.NEUTRAL_B_ATTACKING_AIR,22,16,0,2,4,2,12,0,,,
1078,-22.905102,90.772064,-13.607748,54.4001,True,False,Action.JUMPING_ARIAL_FORWARD,Action.NEUTRAL_B_ATTACKING_AIR,23,17,0,2,4,2,12,0,,,
1079,-22.467306,90.54607,-13.607748,54.4001,True,False,Action.JUMPING_ARIAL_FORWARD,Action.NEUTRAL_B_ATTACKING_AIR,24,18,0,2,4,2,12,0,,,
1080,-22.049511,90.15006,-13.607748,54.4001,True,False,Action.JUMPING_ARIAL_FORWARD,Action.NEUTRAL_B_ATTACKING_AIR,25,19,0,2,4,2,12,0,,,
1081,-21.651716,89.58406,-13.607748,54.4001,True,False,Action.JUMPING_ARIAL_FORWARD,Action.NEUTRAL_B_FULL_CHARGE_AIR,26,1,0,2,4,2,12,0,,,
1082,-21.27392,88.84806,-15.707748,54.4001,True,False,Action.JUMPING_ARIAL_FORWARD,Action.SWORD_DANCE_1,27,1,0,2,4,2,12,0,,,
1083,-20.916124,87.94206,-17.707748,54.4001,True,False,Action.JUMPING_ARIAL_FORWARD,Action.SWORD_DANCE_1,28,2,0,2,4,2,12,0,,,
1084,-20.57833,86.86606,-18.800001,54.4,True,False,Action.JUMPING_ARIAL_FORWARD,Action.SWORD_DANCE_1,29,3,0,2,4,2,12,0,,,
1085,-20.260534,85.620056,-18.800001,54.4,True,False,Action.JUMPING_ARIAL_FORWARD,Action.SWORD_DANCE_1,30,4,0,2,4,2,12,0,,,
1086,-19.962738,84.204056,-18.800001,54.4,True,False,Action.JUMPING_ARIAL_FORWARD,Action.SWORD_DANCE_1,31,5,0,2,4,2,12,0,,,
1087,-19.684942,82.61806,-18.800001,54.4,True,False,Action.JUMPING_ARIAL_FORWARD,Action.SWORD_DANCE_1,32,6,0,2,4,2,12,0,,,
1088,-19.427147,80.86205,-18.800001,54.4,True,False,Action.JUMPING_ARIAL_FORWARD,Action.SWORD_DANCE_1,33,7,0,2,4,2,12,0,,,
1089,-19.189352,78.93605,-18.800001,54.4,True,False,Action.JUMPING_ARIAL_FORWARD,Action.SWORD_DANCE_1,34,8,0,2,4,2,12,0,,,
1090,-18.971556,76.84005,-18.800001,54.4,True,False,Action.JUMPING_ARIAL_FORWARD,Action.SWORD_DANCE_1,35,9,0,2,4,2,12,0,,,
1091,-18.77376,74.57405,-18.800001,54.4,True,False,Action.JUMPING_ARIAL_FORWARD,Action.SWORD_DANCE_1,36,10,0,2,4,2,12,0,,,
1092,-18.645575,72.13805,-18.800001,54.4,True,False,Action.JUMPING_ARIAL_FORWARD,Action.SWORD_DANCE_1,37,11,0,2,4,2,12,0,,,
1093,-18.537388,69.53204,-18.800001,54.4,True,False,Action.JUMPING_ARIAL_FORWARD,Action.SWORD_DANCE_1,38,12,0,2,4,2,12,0,,,
1094,-18.449202,66.75604,-18.800001,54.4,True,False,Action.JUMPING_ARIAL_FORWARD,Action.SWORD_DANCE_1,39,13,0,2,4,2,12,0,,,
1095,-18.381016,63.810043,-18.800001,54.4,True,False,Action.JUMPING_ARIAL_FORWARD,Action.SWORD_DANCE_1,40,14,0,2,4,2,12,0,,,
1096,-18.33283,60.710045,-18.800001,54.4,True,False,Action.JUMPING_ARIAL_FORWARD,Action.SWORD_DANCE_1,41,15,0,2,4,2,12,0,,,
1097,-18.304644,57.610046,-18.800001,54.4,True,False,Action.JUMPING_ARIAL_FORWARD,Action.SWORD_DANCE_1,42,16,0,2,4,2,12,0,,,
1098,-18.296457,54.510048,-18.800001,54.4,True,False,Action.JUMPING_ARIAL_FORWARD,Action.SWORD_DANCE_1,43,17,0,2,4,2,12,0,,,
1099,-18.296457,51.41005,-18.800001,54.4,True,False,Action.JUMPING_ARIAL_FORWARD,Action.SWORD_DANCE_1,44,18,0,2,4,2,12,0,,,
1100,-18.296457,54.4001,-18.800001,54.4,True,False,Action.LANDING,Action.SWORD_DANCE_1,1,19,2,2,4,2,12,0,,,
1101,-17.996458,54.4001,-18.800001,54.4,True,False,Action.LANDING,Action.SWORD_DANCE_1,2,20,2,2,4,2,12,0,,,
1102,-17.696459,54.4001,-18.800001,54.4,True,False,Action.LANDING,Action.SWORD_DANCE_1,3,21,2,2,4,2,12,0,,,
1103,-17.39646,54.4001,-18.800001,54.4,True,False,Action.LANDING,Action.SWORD_DANCE_1,4,22,2,2,4,2,12,0,,,
1104,-17.09646,54.4001,-18.800001,54.4,True,False,Action.LANDING,Action.SWORD_DANCE_1,5,23,2,2,4,2,12,0,,,
1105,-16.796461,54.4001,-18.800001,54.4,True,False,Action.LANDING,Action.SWORD_DANCE_1,6,24,2,2,4,2,12,0,,,
1106,-16.496462,54.4001,-18.800001,54.4,True,False,Action.TURNING,Action.SWORD_DANCE_1,1,25,2,2,4,2,12,0,,,
1107,-16.196463,54.4001,-18.800001,54.4,True,False,Action.TURNING,Action.SWORD_DANCE_1,2,26,2,2,4,2,12,0,,,
1108,-15.896462,54.4001,-18.800001,54.4,True,False,Action.TURNING,Action.SWORD_DANCE_1,3,27,2,2,4,2,12,0,,,
1109,-15.596462,54.4001,-18.800001,54.4,True,False,Action.TURNING,Action.SWORD_DANCE_1,4,28,2,2,4,2,12,0,,,
1110,-15.296462,54.4001,-18.800001,54.4,True,False,Action.TURNING,Action.SWORD_DANCE_1,5,29,2,2,4,2,12,0,,,
1111,-14.996462,54.4001,-18.800001,54.4,False,False,Action.TURNING,Action.SWORD_DANCE_1,6,30,2,2,4,2,12,0,,,
1112,-14.696462,54.4001,-18.800001,54.4,False,False,Action.TURNING,Action.SWORD_DANCE_1,7,31,2,2,4,2,12,0,,,
1113,-14.3964615,54.4001,-18.800001,54.4,False,False,Action.TURNING,Action.SWORD_DANCE_1,8,32,2,2,4,2,12,0,,,
1114,-14.096461,54.4001,-18.800001,54.4,False,False,Action.TURNING,Action.SWORD_DANCE_1,9,33,2,2,4,2,12,0,,,
1115,-13.796461,54.4001,-18.800001,54.4,False,False,Action.TURNING,Action.SWORD_DANCE_1,10,34,2,2,4,2,12,0,,,
1116,-13.496461,54.4001,-18.800001,54.4,False,False,Action.TURNING,Action.SWORD_DANCE_1,11,35,2,2,4,2,12,0,,,
1117,-13.196461,54.4001,-18.800001,54.4,False,False,Action.STANDING,Action.SWORD_DANCE_1,1,36,2,2,4,2,12,0,,,
1118,-12.896461,54.4001,-18.800001,54.4,False,False,Action.STANDING,Action.SWORD_DANCE_1,2,37,2,2,4,2,12,0,,,
1119,-12.59646,54.4001,-18.800001,54.4,False,False,Action.STANDING,Action.SWORD_DANCE_1,3,38,2,2,4,2,12,0,,,
1120,-12.29646,54.4001,-18.800001,54.4,False,False,Action.STANDING,Action.SWORD_DANCE_1,4,39,2,2,4,2,12,0,,,
1121,-11.99646,54.4001,-18.800001,54.4,False,False,Action.STANDING,Action.SWORD_DANCE_1,5,40,2,2,4,2,12,0,,,
1122,-11.99646,54.4001,-18.800001,54.4001,False,False,Action.STANDING,Action.SPOTDODGE,6,1,2,2,4,2,12,0,,,
1123,-11.99646,54.4001,-18.800001,54.4001,False,False,Action.STANDING,Action.SPOTDODGE,7,2,2,2,4,2,12,0,,,
1124,-11.99646,54.4001,-18.800001,54.4001,False,False,Action.STANDING,Action.SPOTDODGE,8,3,2,2,4,2,12,0,,,
1125,-11.99646,54.4001,-18.800001,54.4001,False,False,Action.STANDING,Action.SPOTDODGE,9,4,2,2,4,2,12,0,,,
1126,-11.99646,54.4001,-18.800001,54.4001,False,False,Action.STANDING,Action.SPOTDODGE,10,5,2,2,4,2,12,0,,,
1127,-11.99646,54.4001,-18.800001,54.4001,False,False,Action.STANDING,Action.SPOTDODGE,11,6,2,2,4,2,12,0,,,
1128,-11.99646,54.4001,-18.800001,54.4001,False,False,Action.STANDING,Action.SPOTDODGE,12,7,2,2,4,2,12,0,,,
1129,-11.99646,54.4001,-18.800001,54.4001,False,False,Action.SHIELD_REFLECT,Action.SPOTDODGE,-1,8,2,2,4,2,12,0,,,
1130,-11.99646,54.4001,-18.800001,54.4001,False,False,Action.ROLL_FORWARD,Action.SPOTDODGE,1,9,2,2,4,2,12,0,,,
1131,-11.99646,54.4001,-18.800001,54.4001,False,False,Action.ROLL_FORWARD,Action.SPOTDODGE,2,10,2,2,4,2,12,0,,,
1132,-11.99646,54.4001,-18.800001,54.4001,False,False,Action.ROLL_FORWARD,Action.SPOTDODGE,3,11,2,2,4,2,12,0,,,
1133,-11.99646,54.4001,-18.800001,54.4001,False,False,Action.ROLL_FORWARD,Action.SPOTDODGE,4,12,2,2,4,2,12,0,,,
1134,-11.99646,54.4001,-18.800001,54.4001,False,False,Action.ROLL_FORWARD,Action.SPOTDODGE,5,13,2,2,4,2,12,0,,,
1135,-11.99646,54.4001,-18.800001,54.4001,False,False,Action.ROLL_FORWARD,Action.SPOTDODGE,6,14,2,2,4,2,12,0,,,
1136,-14.74646,54.4001,-18.800001,54.4001,False,False,Action.ROLL_FORWARD,Action.SPOTDODGE,7,15,2,2,4,2,12,0,,,
1137,-18.800001,54.4,-18.800001,54.4001,False,False,Action.ROLL_FORWARD,Action.SPOTDODGE,8,16,2,2,4,2,12,0,,,
1138,-18.800001,54.4,-18.800001,54.4001,False,False,Action.ROLL_FORWARD,Action.SPOTDODGE,9,17,2,2,4,2,12,0,,,
1139,-18.800001,54.4,-18.800001,54.4001,False,False,Action.ROLL_FORWARD,Action.SPOTDODGE,10,18,2,2,4,2,12,0,,,
1140,-18.800001,54.4,-18.800001,54.4001,False,False,Action.ROLL_FORWARD,Action.SPOTDODGE,11,19,2,2,4,2,12,0,,,
1141,-18.800001,54.4,-18.800001,54.4001,False,False,Action.ROLL_FORWARD,Action.SPOTDODGE,12,20,2,2,4,2,12,0,,,
1142,-18.800001,54.4,-18.800001,54.4001,False,False,Action.ROLL_FORWARD,Action.SPOTDODGE,13,21,2,2,4,2,12,0,,,
1143,-18.800001,54.4,-18.800001,54.4001,False,False,Action.ROLL_FORWARD,Action.SPOTDODGE,14,22,2,2,4,2,12,0,,,
1144,-18.800001,54.4,-18.800001,54.4,False,False,Action.ROLL_FORWARD,Action.GRAB,15,1,2,2,4,2,12,0,,,
1145,-18.800001,54.4,-18.800001,54.4,False,False,Action.ROLL_FORWARD,Action.GRAB,16,2,2,2,4,2,12,0,,,
1146,-18.800001,54.4,-18.800001,54.4,False,False,Action.ROLL_FORWARD,Action.GRAB,17,3,2,2,4,2,12,0,,,
1147,-18.800001,54.4,-18.800001,54.4,False,False,Action.ROLL_FORWARD,Action.GRAB,18,4,2,2,4,2,12,0,,,
1148,-18.800001,54.4,-18.800001,54.4,False,False,Action.ROLL_FORWARD,Action.GRAB,19,5,2,2,4,2,12,0,,,
1149,-18.800001,54.4,-18.800001,54.4,True,False,Action.ROLL_FORWARD,Action.GRAB,20,6,2,2,4,2,12,0,,,
1150,-18.800001,54.4001,-18.800001,54.4,True,False,Action.GRAB_PULL,Action.GRAB_PULLING,1,6,2,2,4,2,12,0,,,
1151,-24.536171,49.082054,-18.800001,54.4001,True,False,Action.GRAB_PULLING_HIGH,Action.GRAB_PULLING,2,7,1,2,4,2,12,0,,,
1152,-26.930925,52.83747,-18.800001,54.4001,False,False,Action.THROWN_BACK,Action.THROW_BACK,1,1,1,2,4,2,12,0,,,
1153,-26.009836,52.650772,-18.800001,54.4001,False,False,Action.THROWN_BACK,Action.THROW_BACK,2,2,1,2,4,2,12,0,,,
1154,-23.241413,51.898216,-18.800001,54.4001,False,False,Action.THROWN_BACK,Action.THROW_BACK,3,3,1,2,4,2,12,0,,,
1155,-20.017908,50.76532,-18.800001,54.4001,False,False,Action.THROWN_BACK,Action.THROW_BACK,5,5,1,2,4,2,12,0,,,
1156,-17.258646,50.011314,-18.800001,54.4001,False,False,Action.THROWN_BACK,Action.THROW_BACK,6,6,1,2,4,2,12,0,,,
1157,-13.567863,54.03383,-18.800001,54.4001,False,False,Action.THROWN_BACK,Action.THROW_BACK,7,7,1,2,4,2,12,0,,,
1158,-11.624559,57.53309,-18.800001,54.4001,False,False,Action.THROWN_BACK,Action.THROW_BACK,8,8,1,2,4,2,12,0,,,
1159,-10.577644,59.66889,-18.800001,54.4001,False,True,Action.DAMAGE_FLY_NEUTRAL,Action.THROW_BACK,2,10,1,2,4,2,14,0,,,
1160,-8.980053,61.69742,-18.800001,54.4001,False,True,Action.DAMAGE_FLY_NEUTRAL,Action.THROW_BACK,3,11,1,2,4,2,14,0,,,
1161,-7.4109797,63.513664,-18.800001,54.4001,False,True,Action.DAMAGE_FLY_NEUTRAL,Action.THROW_BACK,4,12,1,2,4,2,14,0,,,
1162,-5.870425,65.11763,-18.800001,54.4001,False,True,Action.DAMAGE_FLY_NEUTRAL,Action.THROW_BACK,5,13,1,2,4,2,14,0,,,
1163,-4.35839,66.509315,-18.800001,54.4001,False,True,Action.DAMAGE_FLY_NEUTRAL,Action.THROW_BACK,6,15,1,2,4,2,16,0,,,
1164,-2.8748732,67.68872,-18.800001,54.4001,False,True,Action.DAMAGE_FLY_NEUTRAL,Action.THROW_BACK,7,16,1,2,4,2,16,0,,,
1165,-1.4198753,68.65584,-18.800001,54.4001,False,True,Action.DAMAGE_FLY_NEUTRAL,Action.THROW_BACK,8,17,1,2,4,2,16,0,,,
1166,0.006603837,69.410675,-18.800001,54.4001,False,True,Action.DAMAGE_FLY_NEUTRAL,Action.THROW_BACK,9,18,1,2,4,2,16,0,,,
1167,1.4045641,69.95324,-18.800001,54.4001,False,True,Action.DAMAGE_FLY_NEUTRAL,Action.THROW_BACK,10,20,1,2,4,2,18,0,,,
1168,2.7740057,70.28352,-18.800001,54.4001,False,True,Action.DAMAGE_FLY_NEUTRAL,Action.THROW_BACK,11,21,1,2,4,2,18,0,,,
1169,4.1149282,70.40152,-18.800001,54.4001,False,True,Action.DAMAGE_FLY_NEUTRAL,Action.THROW_BACK,12,22,1,2,4,2,19,0,,,
1170,5.427332,70.307236,-18.800001,54.4001,False,True,Action.DAMAGE_FLY_NEUTRAL,Action.THROW_BACK,13,23,1,2,4,2,19,0,,,
1171,6.711217,70.00067,-18.800001,54.4001,False,True,Action.DAMAGE_FLY_NEUTRAL,Action.THROW_BACK,14,25,1,2,4,2,19,0,,,
1172,7.9665833,69.48183,-18.800001,54.4001,False,True,Action.DAMAGE_FLY_NEUTRAL,Action.THROW_BACK,15,26,1,2,4,2,19,0,,,
1173,9.193431,68.7507,-18.800001,54.4001,False,True,Action.DAMAGE_FLY_NEUTRAL,Action.THROW_BACK,16,27,1,2,4,2,19,0,,,
1174,10.39176,67.8073,-18.800001,54.4001,False,True,Action.DAMAGE_FLY_NEUTRAL,Action.THROW_BACK,17,28,1,2,4,2,19,0,,,
1175,11.56157,66.65161,-18.800001,54.4001,False,True,Action.DAMAGE_FLY_NEUTRAL,Action.THROW_BACK,18,30,1,2,4,2,19,0,,,
1176,12.702862,65.283646,-18.800001,54.4001,False,True,Action.DAMAGE_FLY_NEUTRAL,Action.THROW_BACK,19,31,1,2,4,2,19,0,,,
1177,13.815634,63.833397,-18.800001,54.4001,False,True,Action.DAMAGE_FLY_NEUTRAL,Action.THROW_BACK,20,32,1,2,4,2,19,0,,,
1178,14.899887,62.34087,-18.800001,54.4001,False,True,Action.DAMAGE_FLY_NEUTRAL,Action.THROW_BACK,21,33,1,2,4,2,19,0,,,
1179,15.955622,60.80606,-18.800001,54.4001,False,True,Action.DAMAGE_FLY_NEUTRAL,Action.THROW_BACK,22,35,1,2,4,2,19,0,,,
1180,16.982838,59.22897,-18.800001,54.4001,False,True,Action.DAMAGE_FLY_NEUTRAL,Action.THROW_BACK,23,36,1,2,4,2,19,0,,,
1181,17.981535,57.6096,-18.800001,54.4001,False,True,Action.DAMAGE_FLY_NEUTRAL,Action.THROW_BACK,24,37,1,2,4,2,19,0,,,
1182,18.951714,55.94795,-18.800001,54.4001,False,True,Action.DAMAGE_FLY_NEUTRAL,Action.THROW_BACK,25,38,1,2,4,2,19,0,,,
1183,19.893373,54.244015,-18.800001,54.4001,False,True,Action.DAMAGE_FLY_NEUTRAL,Action.KNEE_BEND,26,1,1,2,4,2,19,0,,,
1184,20.806515,52.497803,-18.800001,54.4001,False,True,Action.DAMAGE_FLY_NEUTRAL,Action.KNEE_BEND,27,2,1,2,4,2,19,0,,,
1185,21.691135,50.70931,-18.800001,54.4001,False,True,Action.DAMAGE_FLY_NEUTRAL,Action.GRAB,28,1,1,2,4,2,19,0,,,
1186,22.547237,48.878532,-18.800001,54.4001,False,True,Action.DAMAGE_FLY_NEUTRAL,Action.GRAB,29,2,1,2,4,2,19,0,,,
1187,23.37482,47.005478,-18.800001,54.4001,False,True,Action.DAMAGE_FLY_NEUTRAL,Action.GRAB,29,3,1,2,4,2,19,0,,,
1188,24.173885,45.09014,-18.800001,54.4001,False,True,Action.DAMAGE_FLY_NEUTRAL,Action.GRAB,29,4,1,2,4,2,19,0,,,
1189,24.944431,43.132523,-18.800001,54.4001,False,True,Action.DAMAGE_FLY_NEUTRAL,Action.GRAB,29,5,1,2,4,2,19,0,,,
1190,25.686459,41.13262,-18.800001,54.4001,False,True,Action.DAMAGE_FLY_NEUTRAL,Action.GRAB,29,6,1,2,4,2,19,0,,,
1191,26.399967,39.090443,-18.800001,54.4001,False,True,Action.DAMAGE_FLY_NEUTRAL,Action.GRAB,29,7,1,2,4,2,19,0,,,
1192,27.084957,37.00598,-18.800001,54.4001,False,True,Action.DAMAGE_FLY_NEUTRAL,Action.GRAB,29,8,1,2,4,2,19,0,,,
1193,27.741428,34.87924,-18.800001,54.4001,False,True,Action.DAMAGE_FLY_NEUTRAL,Action.GRAB,29,9,1,2,4,2,19,0,,,
1194,28.36938,32.710213,-18.800001,54.4001,False,True,Action.DAMAGE_FLY_NEUTRAL,Action.GRAB,29,10,1,2,4,2,19,0,,,
1195,28.968813,30.498907,-18.800001,54.4001,False,True,Action.DAMAGE_FLY_NEUTRAL,Action.GRAB,29,11,1,2,4,2,19,0,,,
1196,29.539726,28.245321,-18.800001,54.4001,False,True,Action.DAMAGE_FLY_NEUTRAL,Action.GRAB,29,12,1,2,4,2,19,0,,,
1197,29.49845,32.733456,-18.800001,54.4001,False,True,Action.JUMPING_ARIAL_FORWARD,Action.GRAB,1,13,0,2,4,2,19,0,,,
1198,29.359043,37.009308,-18.800001,54.4001,False,True,Action.JUMPING_ARIAL_FORWARD,Action.GRAB,2,14,0,2,4,2,19,0,,,
1199,29.12151,41.072876,-18.800001,54.4001,False,True,Action.JUMPING_ARIAL_FORWARD,Action.GRAB,3,15,0,2,4,2,19,0,,,
1200,28.875458,44.924168,-18.800001,54.4001,False,True,Action.JUMPING_ARIAL_FORWARD,Action.GRAB,4,16,0,2,4,2,19,0,,,
1201,28.620888,48.563175,-18.800001,54.4001,False,True,Action.JUMPING_ARIAL_FORWARD,Action.GRAB,5,17,0,2,4,2,19,0,,,
1202,28.357798,51.989902,-18.800001,54.4001,False,True,Action.JUMPING_ARIAL_FORWARD,Action.GRAB,6,18,0,2,4,2,19,0,,,
1203,28.08619,55.20435,-18.800001,54.4001,False,True,Action.JUMPING_ARIAL_FORWARD,Action.GRAB,7,19,0,2,4,2,19,0,,,
1204,27.806063,58.206516,-18.800001,54.4001,False,True,Action.JUMPING_ARIAL_FORWARD,Action.GRAB,8,20,0,2,4,2,19,0,,,
1205,27.517418,60.9964,-18.800001,54.4001,False,True,Action.JUMPING_ARIAL_FORWARD,Action.GRAB,9,21,0,2,4,2,19,0,,,
1206,27.180643,63.574005,-18.800001,54.4001,False,True,Action.JUMPING_ARIAL_FORWARD,Action.GRAB,10,22,0,2,4,2,19,0,,,
1207,26.745739,65.93933,-18.800001,54.4001,False,True,Action.JUMPING_ARIAL_FORWARD,Action.GRAB,11,23,0,2,4,2,19,0,,,
1208,26.212708,68.09237,-18.800001,54.4001,False,True,Action.JUMPING_ARIAL_FORWARD,Action.GRAB,12,24,0,2,4,2,19,0,,,
1209,25.589361,70.03313,-18.800001,54.4001,False,True,Action.JUMPING_ARIAL_FORWARD,Action.GRAB,13,25,0,2,4,2,19,0,,,
1210,24.937496,71.761604,-18.800001,54.4001,False,True,Action.JUMPING_ARIAL_FORWARD,Action.GRAB,14,26,0,2,4,2,19,0,,,
1211,24.257113,73.27781,-18.800001,54.4001,False,True,Action.JUMPING_ARIAL_FORWARD,Action.GRAB,15,27,0,2,4,2,19,0,,,
1212,23.54821,74.58173,-18.800001,54.4001,False,True,Action.JUMPING_ARIAL_FORWARD,Action.GRAB,16,28,0,2,4,2,19,0,,,
1213,22.81079,75.67337,-18.800001,54.4001,False,True,Action.JUMPING_ARIAL_FORWARD,Action.GRAB,17,29,0,2,4,2,19,0,,,
1214,22.04485,76.55273,-18.800001,54.4001,False,True,Action.JUMPING_ARIAL_FORWARD,Action.GRAB,18,30,0,2,4,2,19,0,,,
1215,21.250391,77.2198,-18.800001,54.4001,False,True,Action.JUMPING_ARIAL_FORWARD,Action.UPSMASH,19,1,0,2,4,2,19,0,,,
1216,20.427412,77.6746,-18.800001,54.4001,False,True,Action.JUMPING_ARIAL_FORWARD,Action.UPSMASH,20,2,0,2,4,2,19,0,,,
1217,19.603897,77.958595,-18.800001,54.4001,False,True,Action.JUMPING_ARIAL_FORWARD,Action.UPSMASH,21,2,0,2,4,2,19,0,,,
1218,18.780382,78.07259,-18.800001,54.4001,False,True,Action.JUMPING_ARIAL_FORWARD,Action.UPSMASH,22,3,0,2,4,2,19,0,,,
1219,17.956867,78.016594,-18.800001,54.4001,False,True,Action.JUMPING_ARIAL_FORWARD,Action.UPSMASH,23,4,0,2,4,2,19,0,,,
1220,17.133352,77.790596,-18.800001,54.4001,False,True,Action.JUMPING_ARIAL_FORWARD,Action.UPSMASH,24,5,0,2,4,2,19,0,,,
1221,16.309837,77.39459,-18.800001,54.4001,False,True,Action.JUMPING_ARIAL_FORWARD,Action.UPSMASH,25,6,0,2,4,2,19,0,,,
1222,15.486321,76.82859,-18.800001,54.4001,False,True,Action.JUMPING_ARIAL_FORWARD,Action.UPSMASH,26,7,0,2,4,2,19,0,,,
1223,14.662806,76.09259,-18.800001,54.4001,False,True,Action.JUMPING_ARIAL_FORWARD,Action.UPSMASH,27,8,0,2,4,2,19,0,,,
1224,13.83929,75.18659,-18.800001,54.4001,False,True,Action.JUMPING_ARIAL_FORWARD,Action.UPSMASH,28,9,0,2,4,2,19,0,,,
1225,13.015774,74.11059,-18.800001,54.4001,False,True,Action.JUMPING_ARIAL_FORWARD,Action.UPSMASH,29,10,0,2,4,2,19,0,,,
1226,12.192258,72.864586,-18.800001,54.4001,False,True,Action.JUMPING_ARIAL_FORWARD,Action.UPSMASH,30,11,0,2,4,2,19,0,,,
1227,11.368742,71.448586,-18.800001,54.4001,False,True,Action.JUMPING_ARIAL_FORWARD,Action.UPSMASH,31,12,0,2,4,2,19,0,,,
1228,10.545226,69.86259,-18.800001,54.4001,False,True,Action.JUMPING_ARIAL_FORWARD,Action.UPSMASH,32,13,0,2,4,2,19,0,,,
1229,9.72171,68.10658,-18.800001,54.4001,False,True,Action.JUMPING_ARIAL_FORWARD,Action.UPSMASH,33,14,0,2,4,2,19,0,,,
1230,8.898194,66.18058,-18.800001,54.4001,False,True,Action.JUMPING_ARIAL_FORWARD,Action.UPSMASH,34,15,0,2,4,2,19,0,,,
1231,8.074678,64.08458,-18.800001,54.4001,False,True,Action.JUMPING_ARIAL_FORWARD,Action.UPSMASH,35,16,0,2,4,2,19,0,,,
1232,7.251163,61.81858,-18.800001,54.4001,False,True,Action.JUMPING_ARIAL_FORWARD,Action.UPSMASH,36,17,0,2,4,2,19,0,,,
1233,6.4276476,59.38258,-18.800001,54.4001,False,True,Action.JUMPING_ARIAL_FORWARD,Action.UPSMASH,37,18,0,2,4,2,19,0,,,
1234,5.604132,56.77658,-18.800001,54.4001,False,True,Action.JUMPING_ARIAL_FORWARD,Action.UPSMASH,38,19,0,2,4,2,19,0,,,
1235,4.7806168,54.00058,-18.800001,54.4001,False,True,Action.JUMPING_ARIAL_FORWARD,Action.UPSMASH,39,20,0,2,4,2,19,0,,,
1236,3.957101,51.05458,-18.800001,54.4001,False,True,Action.JUMPING_ARIAL_FORWARD,Action.UPSMASH,40,21,0,2,4,2,19,0,,,
1237,3.1335855,47.954582,-18.800001,54.4001,False,True,Action.JUMPING_ARIAL_FORWARD,Action.UPSMASH,41,22,0,2,4,2,19,0,,,
1238,2.3100698,54.4001,-18.800001,54.4001,False,True,Action.LANDING,Action.UPSMASH,1,23,2,2,4,2,19,0,,,
1239,1.5665543,54.4001,-18.800001,54.4001,False,True,Action.LANDING,Action.UPSMASH,2,24,2,2,4,2,19,0,,,
1240,0.90303874,54.4001,-18.800001,54.4001,False,True,Action.LANDING,Action.UPSMASH,3,25,2,2,4,2,19,0,,,
1241,0.31952316,54.4001,-18.800001,54.4001,False,True,Action.LANDING,Action.UPSMASH,4,26,2,2,4,2,19,0,,,
1242,-0.18399245,54.4001,-18.800001,54.4001,False,True,Action.LANDING,Action.UPSMASH,5,27,2,2,4,2,19,0,,,
1243,-0.60750806,54.4001,-18.800001,54.4001,False,True,Action.LANDING,Action.UPSMASH,6,28,2,2,4,2,19,0,,,
1244,-0.9510237,54.4001,-18.800001,54.4001,False,True,Action.LANDING,Action.UPSMASH,7,29,2,2,4,2,19,0,,,
1245,-1.2145394,54.4001,-18.800001,54.4001,False,True,Action.LANDING,Action.UPSMASH,8,30,2,2,4,2,19,0,,,
1246,-1.3980551,54.4001,-18.800001,54.4001,False,True,Action.LANDING,Action.UPSMASH,9,31,2,2,4,2,19,0,,,
1247,-1.5015708,54.4001,-18.800001,54.4001,False,True,Action.LANDING,Action.UPSMASH,10,32,2,2,4,2,19,0,,,
1248,-1.5250865,54.4001,-18.800001,54.4001,False,True,Action.LANDING,Action.UPSMASH,11,33,2,2,4,2,19,0,,,
1249,-1.5250865,54.4001,-18.800001,54.4001,False,True,Action.LANDING,Action.UPSMASH,12,34,2,2,4,2,19,0,,,
1250,-1.5250865,54.4001,-18.800001,54.4001,False,True,Action.LANDING,Action.UPSMASH,13,35,2,2,4,2,19,0,,,
1251,-1.5250865,54.4001,-18.800001,54.4001,False,True,Action.LANDING,Action.UPSMASH,14,36,2,2,4,2,19,0,,,
1252,-1.5250865,54.4001,-18.800001,54.4001,False,True,Action.LANDING,Action.UPSMASH,15,37,2,2,4,2,19,0,,,
1253,-1.5250865,54.4001,-18.800001,54.4001,False,True,Action.LANDING,Action.UPSMASH,16,38,2,2,4,2,19,0,,,
1254,-1.5250865,54.4001,-18.800001,54.4001,False,True,Action.LANDING,Action.UPSMASH,17,39,2,2,4,2,19,0,,,
1255,-1.5250865,54.4001,-18.800001,54.4001,False,True,Action.LANDING,Action.UPSMASH,18,40,2,2,4,2,19,0,,,
1256,-1.5250865,54.4001,-18.800001,54.4001,False,True,Action.LANDING,Action.UPSMASH,19,41,2,2,4,2,19,0,,,
1257,-1.5250865,54.4001,-18.800001,54.4001,False,True,Action.LANDING,Action.KNEE_BEND,20,1,2,2,4,2,19,0,,,
1258,-1.5250865,54.4001,-18.800001,54.4001,False,True,Action.LANDING,Action.KNEE_BEND,21,2,2,2,4,2,19,0,,,
1259,-1.5250865,54.4001,-18.800001,54.4001,False,True,Action.LANDING,Action.KNEE_BEND,22,3,2,2,4,2,19,0,,,
1260,-1.5250865,54.4001,-19.410002,58.5861,False,True,Action.LANDING,Action.JUMPING_ARIAL_BACKWARD,23,1,2,0,4,2,19,0,,,
1261,-1.5250865,54.4001,-20.09925,62.542103,False,True,Action.NEUTRAL_ATTACK_1,Action.JUMPING_ARIAL_BACKWARD,1,2,2,0,4,2,19,0,,,
1262,-1.5250865,54.4001,-20.867,66.268105,False,True,Action.NEUTRAL_ATTACK_1,Action.BAIR,2,1,2,0,4,2,19,0,,,
1263,-1.5250865,54.4001,-21.61475,69.76411,False,True,Action.NEUTRAL_ATTACK_1,Action.BAIR,3,2,2,0,4,2,19,0,,,
1264,-1.5250865,54.4001,-22.3425,73.030106,False,True,Action.NEUTRAL_ATTACK_1,Action.BAIR,4,3,2,0,4,2,19,0,,,
1265,-1.5250865,54.4001,-23.1495,76.06611,False,True,Action.NEUTRAL_ATTACK_1,Action.BAIR,5,4,2,0,4,2,19,0,,,
1266,-1.5250865,54.4001,-23.9365,78.87211,False,True,Action.NEUTRAL_ATTACK_1,Action.BAIR,6,5,2,0,4,2,19,0,,,
1267,-1.5250865,54.4001,-24.7035,81.448105,False,True,Action.NEUTRAL_ATTACK_1,Action.BAIR,7,6,2,0,4,2,19,0,,,
1268,-1.5250865,54.4001,-25.523127,83.794106,False,True,Action.NEUTRAL_ATTACK_1,Action.BAIR,8,7,2,0,4,2,19,0,,,
1269,-1.5250865,54.4001,-26.322752,85.9101,False,True,Action.NEUTRAL_ATTACK_1,Action.BAIR,9,8,2,0,4,2,19,0,,,
1270,-1.5250865,54.4001,-27.102377,87.796104,False,True,Action.NEUTRAL_ATTACK_1,Action.BAIR,10,9,2,0,4,2,19,0,,,
1271,-1.5250865,54.4001,-27.862001,89.4521,False,True,Action.NEUTRAL_ATTACK_1,Action.BAIR,11,10,2,0,4,2,19,0,,,
1272,-1.5250865,54.4001,-28.601627,90.878105,False,True,Action.NEUTRAL_ATTACK_1,Action.BAIR,12,11,2,0,4,2,19,0,,,
1273,-1.5250865,54.4001,-29.321253,92.074104,False,True,Action.NEUTRAL_ATTACK_1,Action.BAIR,13,12,2,0,4,2,19,0,,,
1274,-1.5250865,54.4001,-29.968378,93.04011,False,True,Action.NEUTRAL_ATTACK_1,Action.BAIR,14,13,2,0,4,2,19,0,,,
1275,-1.5250865,54.4001,-30.693253,93.77611,False,True,Action.NEUTRAL_ATTACK_1,Action.BAIR,15,14,2,0,4,2,19,0,,,
1276,-1.5250865,54.4001,-31.356127,94.282104,False,True,Action.NEUTRAL_ATTACK_1,Action.BAIR,16,15,2,0,4,2,19,0,,,
1277,-1.5250865,54.4001,-32.096,94.558105,False,True,Action.NEUTRAL_ATTACK_1,Action.BAIR,17,16,2,0,4,2,19,0,,,
1278,-1.5250865,54.4001,-32.815876,94.6041,False,True,Action.STANDING,Action.BAIR,1,17,2,0,4,2,19,0,,,
1279,-1.5250865,54.4001,-33.53175,94.420105,False,True,Action.STANDING,Action.BAIR,2,18,2,0,4,2,19,0,,,
1280,-1.5250865,54.4001,-34.325375,94.0061,False,True,Action.STANDING,Action.BAIR,3,19,2,0,4,2,19,0,,,
1281,-1.5250865,54.4001,-35.145,93.36211,False,True,Action.STANDING,Action.BAIR,4,20,2,0,4,2,19,0,,,
1282,-1.5250865,54.4001,-35.902626,89.962105,False,True,Action.STANDING,Action.BAIR,5,21,2,0,4,2,19,0,,,
1283,-1.5250865,54.4001,-36.611,86.5621,False,True,Action.STANDING,Action.BAIR,6,22,2,0,4,2,19,0,,,
1284,-1.5250865,54.4001,-37.299374,83.1621,False,True,Action.STANDING,Action.BAIR,7,23,2,0,4,2,19,0,,,
1285,-1.5250865,54.4001,-37.94,79.7621,False,True,Action.STANDING,Action.BAIR,8,24,2,0,4,2,19,0,,,
1286,-1.5250865,54.4001,-38.657623,76.3621,False,True,Action.STANDING,Action.BAIR,9,25,2,0,4,2,19,0,,,
1287,-1.5250865,54.4001,-39.33725,72.9621,False,True,Action.STANDING,Action.BAIR,10,26,2,0,4,2,19,0,,,
1288,-1.5250865,54.4001,-40.094624,69.562096,False,True,Action.STANDING,Action.BAIR,11,27,2,0,4,2,19,0,,,
1289,-1.5250865,54.4001,-40.831997,66.162094,False,True,Action.STANDING,Action.BAIR,12,28,2,0,4,2,19,0,,,
1290,-1.5250865,54.4001,-41.499123,62.762093,False,True,Action.STANDING,Action.BAIR,13,29,2,0,4,2,19,0,,,
1291,-1.5250865,54.4001,-42.240246,59.36209,False,True,Action.STANDING,Action.BAIR,14,30,2,0,4,2,19,0,,,
1292,-1.5250865,54.4001,-42.961372,55.96209,False,True,Action.STANDING,Action.BAIR,15,31,2,0,4,2,19,0,,,
1293,-1.5250865,54.4001,-43.760998,52.562088,False,True,Action.STANDING,Action.BAIR,16,32,2,0,4,2,19,0,,,
1294,-1.5250865,54.4001,-44.540623,49.162086,False,True,Action.STANDING,Action.BAIR,17,33,2,0,4,2,19,0,,,
1295,-1.5250865,54.4001,-45.36025,45.762085,False,True,Action.STANDING,Action.BAIR,18,34,2,0,4,2,19,0,,,
1296,-1.6813365,54.4001,-46.159874,42.362083,False,True,Action.WALK_SLOW,Action.BAIR,1,35,2,0,4,2,19,0,,,
1297,-1.8873163,54.4001,-46.9395,38.962082,False,True,Action.WALK_SLOW,Action.BAIR,2,36,2,0,4,2,19,0,,,
1298,-2.1362927,54.4001,-47.738373,35.56208,False,True,Action.WALK_SLOW,Action.BAIR,2,37,2,0,4,2,19,0,,,
1299,-2.4231982,54.4001,-48.475246,32.16208,False,True,Action.WALK_SLOW,Action.BAIR,3,38,2,0,4,2,19,0,,,
1300,-2.7441769,54.4001,-49.222248,28.76208,False,True,Action.WALK_SLOW,Action.BAIR,4,1,2,0,4,2,19,0,,,
1301,-3.0962677,54.4001,-49.94925,25.36208,False,True,Action.WALK_SLOW,Action.BAIR,5,2,2,0,4,2,19,0,,,
1302,-3.4771767,54.4001,-50.65625,27.2001,False,True,Action.WALK_SLOW,Action.LANDING,7,1,2,2,4,2,19,0,,,
1303,-3.8851144,54.4001,-51.28325,27.2001,False,True,Action.WALK_SLOW,Action.LANDING,8,2,2,2,4,2,19,0,,,
1304,-4.318676,54.4001,-51.83025,27.2001,False,True,Action.WALK_SLOW,Action.LANDING,10,3,2,2,4,2,19,0,,,
1305,-4.776753,54.4001,-52.29725,27.2001,False,True,Action.WALK_SLOW,Action.LANDING,12,4,2,2,4,2,19,0,,,
1306,-5.258466,54.4001,-52.68425,27.2001,False,True,Action.WALK_SLOW,Action.DOWNSMASH,14,1,2,2,4,2,19,0,,,
1307,-5.763116,54.4001,-52.99125,27.2001,False,True,Action.WALK_SLOW,Action.DOWNSMASH,16,2,2,2,4,2,19,0,,,
1308,-6.290145,54.4001,-53.21825,27.2001,False,True,Action.WALK_SLOW,Action.DOWNSMASH,18,2,2,2,4,2,19,0,,,
1309,-6.839107,54.4001,-53.36525,27.2001,False,True,Action.WALK_SLOW,Action.DOWNSMASH,20,3,2,2,4,2,19,0,,,
1310,-7.409646,54.4001,-53.43225,27.2001,False,True,Action.WALK_SLOW,Action.DOWNSMASH,22,4,2,2,4,2,19,0,,,
1311,-8.001477,54.4001,-53.43225,27.2001,False,True,Action.WALK_MIDDLE,Action.DOWNSMASH,18,5,2,2,4,2,19,0,,,
1312,-8.614372,54.4001,-53.43225,27.2001,False,True,Action.WALK_MIDDLE,Action.DOWNSMASH,19,6,2,2,4,2,19,0,,,
1313,-9.248151,54.4001,-53.43225,27.2001,False,True,Action.WALK_MIDDLE,Action.DOWNSMASH,20,7,2,2,4,2,19,0,,,
1314,-9.90267,54.4001,-53.43225,27.2001,False,True,Action.WALK_MIDDLE,Action.DOWNSMASH,21,8,2,2,4,2,19,0,,,
1315,-10.577816,54.4001,-53.43225,27.2001,False,True,Action.WALK_MIDDLE,Action.DOWNSMASH,22,9,2,2,4,2,19,0,,,
1316,-11.273502,54.4001,-53.43225,27.2001,False,True,Action.WALK_MIDDLE,Action.DOWNSMASH,23,10,2,2,4,2,19,0,,,
1317,-11.989661,54.4001,-53.43225,27.2001,False,True,Action.WALK_MIDDLE,Action.DOWNSMASH,24,11,2,2,4,2,19,0,,,
1318,-12.726243,54.4001,-53.43225,27.2001,False,True,Action.WALK_MIDDLE,Action.DOWNSMASH,25,12,2,2,4,2,19,0,,,
1319,-13.483211,54.4001,-53.43225,27.2001,False,True,Action.WALK_MIDDLE,Action.DOWNSMASH,27,13,2,2,4,2,19,0,,,
1320,-14.260538,54.4001,-53.43225,27.2001,False,True,Action.WALK_MIDDLE,Action.DOWNSMASH,28,14,2,2,4,2,19,0,,,
1321,-15.05821,54.4001,-53.43225,27.2001,False,True,Action.WALK_MIDDLE,Action.DOWNSMASH,29,15,2,2,4,2,19,0,,,
1322,-15.876219,54.4001,-53.43225,27.2001,False,True,Action.WALK_MIDDLE,Action.DOWNSMASH,31,16,2,2,4,2,19,0,,,
1323,-16.714561,54.4001,-53.43225,27.2001,False,True,Action.WALK_MIDDLE,Action.DOWNSMASH,32,17,2,2,4,2,19,0,,,
1324,-17.57324,54.4001,-53.43225,27.2001,False,True,Action.WALK_MIDDLE,Action.DOWNSMASH,33,18,2,2,4,2,19,0,,,
1325,-18.449793,54.4001,-53.43225,27.2001,False,True,Action.WALK_MIDDLE,Action.DOWNSMASH,0,19,2,2,4,2,19,0,,,
1326,-18.800001,54.4001,-53.43225,27.2001,False,True,Action.EDGE_TEETERING_START,Action.DOWNSMASH,1,20,2,2,4,2,19,0,,,
1327,-18.800001,54.4001,-53.43225,27.2001,False,True,Action.EDGE_TEETERING_START,Action.DOWNSMASH,2,21,2,2,4,2,19,0,,,
1328,-18.800001,54.4001,-53.43225,27.2001,False,True,Action.DASHING,Action.DOWNSMASH,1,22,2,2,4,2,19,0,,,
1329,-20.62,54.4001,-53.43225,27.2001,False,True,Action.FALLING,Action.DOWNSMASH,1,23,1,2,4,2,19,0,,,
1330,-21.43,54.230103,-53.43225,27.2001,False,True,Action.FALLING,Action.DOWNSMASH,2,24,1,2,4,2,19,0,,,
1331,-22.220001,53.890102,-53.43225,27.2001,False,True,Action.FALLING,Action.DOWNSMASH,3,25,1,2,4,2,19,0,,,
1332,-22.990002,53.380104,-53.43225,27.2001,False,True,Action.FALLING,Action.DOWNSMASH,4,26,1,2,4,2,19,0,,,
1333,-23.740002,52.700104,-53.43225,27.2001,False,True,Action.FALLING,Action.DOWNSMASH,5,27,1,2,4,2,19,0,,,
1334,-24.55961,51.850105,-53.43225,27.2001,False,True,Action.FALLING,Action.DOWNSMASH,6,28,1,2,4,2,19,0,,,
1335,-25.383125,50.830105,-53.43225,27.2001,False,True,Action.FALLING,Action.DOWNSMASH,7,29,1,2,4,2,19,0,,,
1336,-26.20664,49.640106,-53.43225,27.2001,False,True,Action.FALLING,Action.DOWNSMASH,8,30,1,2,4,2,19,0,,,
1337,-27.030155,48.280106,-53.43225,27.2001,False,True,Action.FALLING,Action.DOWNSMASH,1,31,1,2,4,2,19,0,,,
1338,-27.85367,46.750107,-53.43225,27.2001,False,True,Action.FALLING,Action.DOWNSMASH,2,32,1,2,4,2,19,0,,,
1339,-28.677185,45.050106,-53.43225,27.2001,False,True,Action.FALLING,Action.DOWNSMASH,3,33,1,2,4,2,19,0,,,
1340,-29.5007,43.180107,-53.43225,27.2001,False,True,Action.FALLING,Action.DOWNSMASH,4,34,1,2,4,2,19,0,,,
1341,-30.324215,41.140106,-53.43225,27.2001,False,True,Action.FALLING,Action.DOWNSMASH,5,35,1,2,4,2,19,0,,,
1342,-31.14773,38.930107,-53.43225,27.2001,False,True,Action.FALLING,Action.DOWNSMASH,6,36,1,2,4,2,19,0,,,
1343,-31.971245,36.550106,-53.43225,27.2001,False,True,Action.FALLING,Action.DOWNSMASH,7,37,1,2,4,2,19,0,,,
1344,-32.79476,34.000107,-53.43225,27.2001,False,True,Action.FALLING,Action.DOWNSMASH,8,38,1,2,4,2,19,0,,,
1345,-33.61828,31.280107,-53.43225,27.2001,False,True,Action.FALLING,Action.DOWNSMASH,1,39,1,2,4,2,19,0,,,
1346,-34.441795,28.390108,-53.43225,27.2001,False,True,Action.FALLING,Action.DOWNSMASH,2,40,1,2,4,2,19,0,,,
1347,-35.265312,25.330109,-53.43225,27.2001,False,True,Action.FALLING,Action.DOWNSMASH,3,41,1,2,4,2,19,0,,,
1348,-36.08883,27.2001,-53.43225,27.2001,False,True,Action.LANDING,Action.DOWNSMASH,1,42,2,2,4,2,19,0,,,
1349,-36.832344,27.2001,-53.43225,27.2001,False,True,Action.LANDING,Action.DOWNSMASH,2,43,2,2,4,2,19,0,,,
1350,-37.49586,27.2001,-53.43225,27.2001,False,True,Action.LANDING,Action.DOWNSMASH,3,44,2,2,4,2,19,0,,,
1351,-38.079376,27.2001,-53.43225,27.2001,False,True,Action.LANDING,Action.DOWNSMASH,4,45,2,2,4,2,19,0,,,
1352,-38.582893,27.2001,-53.43225,27.2001,False,True,Action.LANDING,Action.SHIELD_START,5,-1,2,2,4,2,19,0,,,
1353,-39.00641,27.2001,-53.43225,27.2001,False,True,Action.LANDING,Action.SPOTDODGE,6,1,2,2,4,2,19,0,,,
1354,-39.349926,27.2001,-53.43225,27.2001,False,True,Action.LANDING,Action.SPOTDODGE,7,2,2,2,4,2,19,0,,,
1355,-39.61344,27.2001,-53.43225,27.2001,False,True,Action.LANDING,Action.SPOTDODGE,8,3,2,2,4,2,19,0,,,
1356,-39.79696,27.2001,-53.43225,27.2001,False,True,Action.LANDING,Action.SPOTDODGE,9,4,2,2,4,2,19,0,,,
1357,-39.900475,27.2001,-53.43225,27.2001,False,True,Action.LANDING,Action.SPOTDODGE,10,5,2,2,4,2,19,0,,,
1358,-39.923992,27.2001,-53.43225,27.2001,False,True,Action.LANDING,Action.SPOTDODGE,11,6,2,2,4,2,19,0,,,
1359,-39.923992,27.2001,-53.43225,27.2001,False,True,Action.LANDING,Action.SPOTDODGE,12,7,2,2,4,2,19,0,,,
1360,-39.923992,27.2001,-53.43225,27.2001,False,True,Action.NEUTRAL_ATTACK_1,Action.SPOTDODGE,1,8,2,2,4,2,19,0,,,
1361,-39.923992,27.2001,-53.43225,27.2001,False,True,Action.NEUTRAL_ATTACK_1,Action.SPOTDODGE,2,9,2,2,4,2,19,0,,,
1362,-39.923992,27.2001,-53.43225,27.2001,False,True,Action.NEUTRAL_ATTACK_1,Action.SPOTDODGE,3,10,2,2,4,2,19,0,,,
1363,-39.923992,27.2001,-53.43225,27.2001,False,True,Action.NEUTRAL_ATTACK_1,Action.SPOTDODGE,4,11,2,2,4,2,19,0,,,
1364,-39.923992,27.2001,-53.43225,27.2001,False,True,Action.NEUTRAL_ATTACK_1,Action.SPOTDODGE,5,12,2,2,4,2,19,0,,,
1365,-39.923992,27.2001,-53.43225,27.2001,False,True,Action.NEUTRAL_ATTACK_2,Action.SPOTDODGE,1,13,2,2,4,2,19,0,,,
1366,-43.77399,27.2001,-53.43225,27.2001,False,True,Action.NEUTRAL_ATTACK_2,Action.SPOTDODGE,2,14,2,2,4,2,19,0,,,
1367,-47.62399,27.2001,-53.43225,27.2001,False,True,Action.NEUTRAL_ATTACK_2,Action.SPOTDODGE,3,15,2,2,4,2,19,0,,,
1368,-47.32399,27.2001,-53.43225,27.2001,False,True,Action.NEUTRAL_ATTACK_2,Action.DAMAGE_NEUTRAL_1,4,1,2,1,4,2,19,4,,,
1369,-47.32399,27.2001,-58.15725,30.8001,False,True,Action.NEUTRAL_ATTACK_2,Action.DAMAGE_NEUTRAL_1,4,1,2,1,4,2,19,4,,,
1370,-47.32399,27.2001,-61.98225,26.225101,False,True,Action.NEUTRAL_ATTACK_2,Action.DAMAGE_NEUTRAL_1,4,1,2,1,4,2,19,4,,,
1371,-47.32399,27.2001,-61.98225,26.225101,False,True,Action.NEUTRAL_ATTACK_2,Action.DAMAGE_NEUTRAL_1,4,1,2,1,4,2,19,4,,,
1372,-47.32399,27.2001,-61.406292,29.18115,False,True,Action.NEUTRAL_ATTACK_2,Action.DAMAGE_NEUTRAL_1,5,2,2,1,4,2,19,4,,,
1373,-47.32399,27.2001,-61.7681,29.059847,False,True,Action.NEUTRAL_ATTACK_2,Action.DAMAGE_NEUTRAL_1,6,3,2,1,4,2,19,4,,,
1374,-47.32399,27.2001,-62.092678,28.673687,False,True,Action.LOOPING_ATTACK_START,Action.DAMAGE_NEUTRAL_1,1,4,2,1,4,2,19,4,,,
1375,-47.32399,27.2001,-62.380024,28.022675,False,True,Action.LOOPING_ATTACK_START,Action.DAMAGE_NEUTRAL_1,2,5,2,1,4,2,19,4,,,
1376,-47.32399,27.2001,-62.630135,27.10681,False,True,Action.LOOPING_ATTACK_START,Action.DAMAGE_NEUTRAL_1,3,6,2,1,4,2,19,4,,,
1377,-47.32399,27.2001,-62.843014,25.92609,False,True,Action.LOOPING_ATTACK_START,Action.DAMAGE_NEUTRAL_1,4,7,2,1,4,2,19,4,,,
1378,-47.32399,27.2001,-63.01866,26.090517,False,False,Action.LOOPING_ATTACK_START,Action.SWORD_DANCE_2_HIGH,5,1,2,0,4,2,19,4,,,
1379,-47.32399,27.2001,-63.157078,26.22009,False,False,Action.LOOPING_ATTACK_START,Action.SWORD_DANCE_2_HIGH,6,2,2,0,4,2,19,4,,,
1380,-47.32399,27.2001,-63.258263,26.31481,False,False,Action.LOOPING_ATTACK_MIDDLE,Action.SWORD_DANCE_2_HIGH,1,3,2,0,4,2,19,4,,,
1381,-47.32399,27.2001,-63.322216,26.374676,False,False,Action.LOOPING_ATTACK_MIDDLE,Action.SWORD_DANCE_2_HIGH,2,4,2,0,4,2,19,4,,,
1382,-47.32399,27.2001,-63.348934,26.399689,False,False,Action.LOOPING_ATTACK_MIDDLE,Action.SWORD_DANCE_2_HIGH,3,5,2,0,4,2,19,4,,,
1383,-47.32399,27.2001,-63.348934,26.399689,False,False,Action.LOOPING_ATTACK_MIDDLE,Action.SWORD_DANCE_2_HIGH,4,6,2,0,4,2,19,4,,,
1384,-47.32399,27.2001,-63.348934,26.399689,False,False,Action.LOOPING_ATTACK_MIDDLE,Action.SWORD_DANCE_2_HIGH,5,7,2,0,4,2,19,4,,,
1385,-47.32399,27.2001,-63.348934,26.399689,False,False,Action.LOOPING_ATTACK_MIDDLE,Action.SWORD_DANCE_2_HIGH,6,8,2,0,4,2,19,4,,,
1386,-47.32399,27.2001,-63.348934,26.399689,False,False,Action.LOOPING_ATTACK_MIDDLE,Action.SWORD_DANCE_2_HIGH,7,9,2,0,4,2,19,4,,,
1387,-47.32399,27.2001,-63.348934,26.399689,False,False,Action.LOOPING_ATTACK_MIDDLE,Action.SWORD_DANCE_2_HIGH,8,10,2,0,4,2,19,4,,,
1388,-47.32399,27.2001,-63.348934,26.399689,False,False,Action.LOOPING_ATTACK_MIDDLE,Action.SWORD_DANCE_2_HIGH,9,11,2,0,4,2,19,4,,,
1389,-47.32399,27.2001,-63.348934,26.399689,False,False,Action.LOOPING_ATTACK_MIDDLE,Action.SWORD_DANCE_2_HIGH,10,12,2,0,4,2,19,4,,,
1390,-47.32399,27.2001,-63.348934,26.399689,False,False,Action.LOOPING_ATTACK_MIDDLE,Action.SWORD_DANCE_2_HIGH,11,13,2,0,4,2,19,4,,,
1391,-47.32399,27.2001,-63.348934,26.399689,False,False,Action.LOOPING_ATTACK_MIDDLE,Action.SWORD_DANCE_2_HIGH,12,14,2,0,4,2,19,4,,,
1392,-47.32399,27.2001,-63.348934,26.399689,False,False,Action.LOOPING_ATTACK_MIDDLE,Action.SWORD_DANCE_2_HIGH,13,15,2,0,4,2,19,4,,,
1393,-47.32399,27.2001,-63.348934,26.383022,False,False,Action.LOOPING_ATTACK_MIDDLE,Action.SWORD_DANCE_2_HIGH,14,16,2,0,4,2,19,4,,,
1394,-47.32399,27.2001,-63.348934,26.34969,False,False,Action.LOOPING_ATTACK_MIDDLE,Action.SWORD_DANCE_2_HIGH,15,17,2,0,4,2,19,4,,,
1395,-47.32399,27.2001,-63.348934,26.29969,False,False,Action.LOOPING_ATTACK_MIDDLE,Action.SWORD_DANCE_2_HIGH,16,18,2,0,4,2,19,4,,,
1396,-47.32399,27.2001,-63.348934,26.233023,False,True,Action.LOOPING_ATTACK_MIDDLE,Action.DAMAGE_AIR_2,17,1,2,0,4,2,19,5,,,
1397,-47.32399,27.2001,-63.348934,26.233023,False,True,Action.LOOPING_ATTACK_MIDDLE,Action.DAMAGE_AIR_2,17,1,2,0,4,2,19,5,,,
1398,-47.32399,27.2001,-67.548935,30.433022,False,True,Action.LOOPING_ATTACK_MIDDLE,Action.DAMAGE_AIR_2,17,1,2,0,4,2,19,5,,,
1399,-47.32399,27.2001,-66.39224,28.260992,False,True,Action.LOOPING_ATTACK_MIDDLE,Action.DAMAGE_AIR_2,18,2,2,0,4,2,19,5,,,
1400,-47.32399,27.2001,-66.571655,28.43489,False,True,Action.LOOPING_ATTACK_MIDDLE,Action.DAMAGE_AIR_2,19,3,2,0,4,2,19,5,,,
1401,-47.32399,27.2001,-66.73718,28.329716,False,True,Action.LOOPING_ATTACK_MIDDLE,Action.DAMAGE_AIR_2,20,4,2,0,4,2,19,5,,,
1402,-47.32399,27.2001,-66.88882,27.945469,False,True,Action.LOOPING_ATTACK_MIDDLE,Action.DAMAGE_AIR_2,21,5,2,0,4,2,19,5,,,
1403,-47.32399,27.2001,-67.026566,27.28215,False,True,Action.LOOPING_ATTACK_MIDDLE,Action.DAMAGE_AIR_2,22,6,2,0,4,2,19,5,,,
1404,-47.32399,27.2001,-67.15042,26.33976,False,True,Action.LOOPING_ATTACK_MIDDLE,Action.DAMAGE_AIR_2,23,7,2,0,4,2,19,5,,,
1405,-47.32399,27.2001,-67.26039,25.118296,False,True,Action.LOOPING_ATTACK_MIDDLE,Action.DAMAGE_AIR_2,24,1,2,0,4,2,19,5,,,
1406,-47.32399,27.2001,-61.785393,22.793297,False,True,Action.LOOPING_ATTACK_MIDDLE,Action.DAMAGE_AIR_2,24,1,2,0,4,2,19,5,,,
1407,-47.32399,27.2001,-61.785393,22.793297,False,True,Action.LOOPING_ATTACK_MIDDLE,Action.DAMAGE_AIR_2,24,1,2,0,4,2,19,5,,,
1408,-47.32399,27.2001,-64.83599,23.267223,False,True,Action.LOOPING_ATTACK_MIDDLE,Action.DAMAGE_AIR_2,25,2,2,0,4,2,19,5,,,
1409,-47.32399,27.2001,-64.95263,23.460943,False,True,Action.LOOPING_ATTACK_MIDDLE,Action.DAMAGE_AIR_2,26,3,2,0,4,2,19,5,,,
1410,-47.32399,27.2001,-65.0603,23.374454,False,True,Action.LOOPING_ATTACK_MIDDLE,Action.DAMAGE_AIR_2,27,4,2,0,4,2,19,5,,,
1411,-47.32399,27.2001,-65.15902,23.00776,False,True,Action.LOOPING_ATTACK_MIDDLE,Action.DAMAGE_AIR_2,28,5,2,0,4,2,19,5,,,
1412,-47.32399,27.2001,-65.24878,22.360857,False,True,Action.LOOPING_ATTACK_MIDDLE,Action.DAMAGE_AIR_2,29,6,2,0,4,2,19,5,,,
1413,-47.32399,27.2001,-65.32958,21.433748,False,True,Action.LOOPING_ATTACK_MIDDLE,Action.DAMAGE_AIR_2,30,7,2,0,4,2,19,5,,,
1414,-47.32399,27.2001,-65.40143,20.22643,False,True,Action.LOOPING_ATTACK_MIDDLE,Action.DAMAGE_AIR_2,31,1,2,0,4,2,19,6,,,
1415,-47.32399,27.2001,-70.87643,22.55143,False,True,Action.LOOPING_ATTACK_MIDDLE,Action.DAMAGE_AIR_2,31,1,2,0,4,2,19,6,,,
1416,-47.32399,27.2001,-75.07642,18.351429,False,True,Action.LOOPING_ATTACK_MIDDLE,Action.DAMAGE_AIR_2,31,1,2,0,4,2,19,6,,,
1417,-47.32399,27.2001,-77.59239,16.872665,False,True,Action.LOOPING_ATTACK_MIDDLE,Action.DAMAGE_AIR_2,32,2,2,0,4,2,19,6,,,
1418,-47.32399,27.2001,-77.839386,17.029062,False,True,Action.LOOPING_ATTACK_MIDDLE,Action.DAMAGE_AIR_2,33,3,2,0,4,2,19,6,,,
1419,-47.32399,27.2001,-78.06741,16.908117,False,True,Action.LOOPING_ATTACK_MIDDLE,Action.DAMAGE_AIR_2,34,4,2,0,4,2,19,6,,,
1420,-47.32399,27.2001,-78.276474,16.50983,False,True,Action.LOOPING_ATTACK_MIDDLE,Action.DAMAGE_AIR_2,35,5,2,0,4,2,19,6,,,
1421,-47.32399,27.2001,-78.46656,15.834205,False,True,Action.LOOPING_ATTACK_MIDDLE,Action.DAMAGE_AIR_2,36,6,2,0,4,2,19,6,,,
1422,-47.32399,27.2001,-78.63768,14.881237,False,True,Action.LOOPING_ATTACK_MIDDLE,Action.DAMAGE_AIR_2,1,7,2,0,4,2,19,6,,,
1423,-47.32399,27.2001,-78.789825,13.650929,False,True,Action.LOOPING_ATTACK_MIDDLE,Action.DAMAGE_AIR_2,2,8,2,0,4,2,19,6,,,
1424,-47.32399,27.2001,-78.923004,12.143281,False,True,Action.LOOPING_ATTACK_MIDDLE,Action.DAMAGE_AIR_2,3,9,2,0,4,2,19,6,,,
1425,-47.32399,27.2001,-79.03721,10.358292,False,True,Action.LOOPING_ATTACK_MIDDLE,Action.DAMAGE_AIR_2,4,10,2,0,4,2,19,6,,,
1426,-47.32399,27.2001,-79.13245,10.595962,False,True,Action.LOOPING_ATTACK_END,Action.DOWN_B_STUN,1,1,2,0,4,2,19,6,,,
1427,-47.32399,27.2001,-79.20872,10.786291,False,True,Action.LOOPING_ATTACK_END,Action.DOWN_B_STUN,2,2,2,0,4,2,19,6,,,
1428,-47.32399,27.2001,-79.266014,10.92928,False,True,Action.LOOPING_ATTACK_END,Action.DOWN_B_STUN,3,3,2,0,4,2,19,6,,,
1429,-47.32399,27.2001,-79.304344,11.024928,False,False,Action.LOOPING_ATTACK_END,Action.MARTH_COUNTER,4,1,2,0,4,2,19,6,,,
1430,-47.32399,27.2001,-79.3237,11.046569,False,False,Action.LOOPING_ATTACK_END,Action.MARTH_COUNTER,5,2,2,0,4,2,19,6,,,
1431,-47.32399,27.2001,-79.32409,10.994203,False,False,Action.LOOPING_ATTACK_END,Action.MARTH_COUNTER,6,3,2,0,4,2,19,6,,,
1432,-47.32399,27.2001,-79.32409,10.914203,False,False,Action.LOOPING_ATTACK_END,Action.DOWN_B_AIR,7,1,2,0,4,2,19,6,,,
1433,-47.32399,27.2001,-79.32409,10.807536,False,True,Action.LOOPING_ATTACK_END,Action.MARTH_COUNTER,8,1,2,0,4,2,19,6,,,
1434,-47.32399,27.2001,-79.32409,10.674203,False,True,Action.LOOPING_ATTACK_END,Action.MARTH_COUNTER,9,2,2,0,4,2,19,6,,,
1435,-47.32399,27.2001,-79.32409,10.514203,False,True,Action.STANDING,Action.MARTH_COUNTER,1,3,2,0,4,2,19,6,,,
1436,-47.32399,27.2001,-79.32409,10.327537,False,False,Action.STANDING,Action.MARTH_COUNTER,2,1,2,0,4,2,19,6,,,
1437,-47.32399,27.2001,-79.32409,10.114203,False,False,Action.STANDING,Action.MARTH_COUNTER,3,2,2,0,4,2,19,6,,,
1438,-47.32399,27.2001,-79.32409,9.874204,False,False,Action.STANDING,Action.MARTH_COUNTER,4,3,2,0,4,2,19,6,,,
1439,-47.32399,27.2001,-79.32409,9.607537,False,True,Action.STANDING,Action.MARTH_COUNTER,5,1,2,0,4,2,19,6,,,
1440,-47.32399,27.2001,-79.32409,9.314204,False,True,Action.STANDING,Action.MARTH_COUNTER,6,2,2,0,4,2,19,6,,,
1441,-47.32399,27.2001,-79.32409,8.9942045,False,True,Action.STANDING,Action.MARTH_COUNTER,7,3,2,0,4,2,19,6,,,
1442,-47.32399,27.2001,-79.32409,8.647538,False,False,Action.STANDING,Action.MARTH_COUNTER,8,1,2,0,4,2,19,6,,,
1443,-47.32399,27.2001,-79.32409,8.274205,False,False,Action.STANDING,Action.MARTH_COUNTER,9,2,2,0,4,2,19,6,,,
1444,-47.32399,27.2001,-79.32409,7.874205,False,False,Action.STANDING,Action.MARTH_COUNTER,10,3,2,0,4,2,19,6,,,
1445,-47.32399,27.2001,-79.32409,7.4475384,False,False,Action.STANDING,Action.DOWN_B_AIR,11,1,2,0,4,2,19,6,,,
1446,-47.32399,27.2001,-79.32409,6.994205,False,False,Action.CROUCH_START,Action.DOWN_B_AIR,1,2,2,0,4,2,19,6,,,
1447,-47.32399,27.2001,-79.32409,6.514205,False,False,Action.CROUCH_START,Action.SHINE_RELEASE_AIR,2,1,2,0,4,2,19,6,,,
1448,-47.32399,27.2001,-79.32409,6.0075383,False,False,Action.CROUCH_START,Action.SHINE_RELEASE_AIR,3,2,2,0,4,2,19,6,,,
1449,-47.32399,26.5301,-79.32409,5.474205,False,False,Action.PLATFORM_DROP,Action.SHINE_RELEASE_AIR,0,3,1,0,4,2,19,6,,,
1450,-47.32399,25.6901,-79.32409,4.914205,False,False,Action.PLATFORM_DROP,Action.SHINE_RELEASE_AIR,1,4,1,0,4,2,19,6,,,
1451,-47.32399,24.6801,-79.32409,4.3275385,False,False,Action.PLATFORM_DROP,Action.SHINE_RELEASE_AIR,2,5,1,0,4,2,19,6,,,
1452,-47.32399,23.5001,-79.32409,3.7142053,False,False,Action.PLATFORM_DROP,Action.SHINE_RELEASE_AIR,3,6,1,0,4,2,19,6,,,
1453,-47.3936,22.150099,-79.32409,3.0742054,False,False,Action.PLATFORM_DROP,Action.SHINE_RELEASE_AIR,4,7,1,0,4,2,19,6,,,
1454,-47.532818,20.630098,-79.32409,2.407539,False,False,Action.PLATFORM_DROP,Action.SHINE_RELEASE_AIR,5,8,1,0,4,2,19,6,,,
1455,-47.741646,18.940098,-79.32409,1.7142057,False,False,Action.PLATFORM_DROP,Action.SHINE_RELEASE_AIR,6,9,1,0,4,2,19,6,,,
1456,-48.020084,17.080097,-79.32409,0.9942059,False,False,Action.PLATFORM_DROP,Action.SHINE_RELEASE_AIR,7,10,1,0,4,2,19,6,,,
1457,-48.36813,15.050097,-79.32409,0.2475394,False,False,Action.PLATFORM_DROP,Action.SHINE_RELEASE_AIR,8,11,1,0,4,2,19,6,,,
1458,-48.785786,12.850098,-79.32409,-0.52579373,False,False,Action.PLATFORM_DROP,Action.SHINE_RELEASE_AIR,9,12,1,0,4,2,19,6,,,
1459,-49.273052,10.480098,-79.32409,-1.3257935,False,False,Action.PLATFORM_DROP,Action.SHINE_RELEASE_AIR,10,13,1,0,4,2,19,6,,,
1460,-49.829926,7.940098,-79.32409,-2.1524599,False,False,Action.PLATFORM_DROP,Action.SHINE_RELEASE_AIR,11,14,1,0,4,2,19,6,,,
1461,-50.45641,5.230098,-79.32409,-3.0057929,False,False,Action.PLATFORM_DROP,Action.SHINE_RELEASE_AIR,12,15,1,0,4,2,19,6,,,
1462,-51.152504,2.3500977,-79.32409,-3.8857925,False,False,Action.PLATFORM_DROP,Action.SHINE_RELEASE_AIR,13,16,1,0,4,2,19,6,,,
1463,-51.918205,-0.69990253,-79.32409,-4.792459,False,False,Action.PLATFORM_DROP,Action.SHINE_RELEASE_AIR,14,17,1,0,4,2,19,6,,,
1464,-52.741722,-3.7999024,-79.32409,-5.725792,False,False,Action.PLATFORM_DROP,Action.SHINE_RELEASE_AIR,15,18,1,0,4,2,19,6,,,
1465,-53.56524,0.0001001358,-79.32409,-5.725792,False,False,Action.LANDING,Action.SWORD_DANCE_3_LOW,1,1,2,0,4,2,19,6,,,
1466,-54.308754,1e-04,-79.32409,-5.725792,False,False,Action.LANDING,Action.SWORD_DANCE_3_LOW,2,2,2,0,4,2,19,6,,,
1467,-54.97227,1e-04,-79.32409,-5.725792,False,False,Action.LANDING,Action.SWORD_DANCE_3_LOW,3,3,2,0,4,2,19,6,,,
1468,-55.555786,1e-04,-79.32409,-5.725792,False,False,Action.LANDING,Action.SWORD_DANCE_3_LOW,4,4,2,0,4,2,19,6,,,
1469,-56.059303,1e-04,-79.32409,-5.725792,False,False,Action.LANDING,Action.SWORD_DANCE_3_LOW,5,5,2,0,4,2,19,6,,,
1470,-56.48282,1e-04,-79.32409,-5.725792,False,False,Action.LANDING,Action.SWORD_DANCE_3_LOW,6,6,2,0,4,2,19,6,,,
1471,-56.826336,1e-04,-79.32409,-5.725792,False,False,Action.LANDING,Action.SWORD_DANCE_3_LOW,7,7,2,0,4,2,19,6,,,
1472,-57.08985,1e-04,-79.32409,-5.725792,False,False,Action.LANDING,Action.SWORD_DANCE_3_LOW,8,8,2,0,4,2,19,6,,,
1473,-57.27337,1e-04,-79.32409,-5.725792,False,False,Action.LANDING,Action.SWORD_DANCE_3_LOW,9,9,2,0,4,2,19,6,,,
1474,-57.376884,1e-04,-79.32409,-5.725792,False,False,Action.LANDING,Action.SWORD_DANCE_3_LOW,10,10,2,0,4,2,19,6,,,
1475,-57.400402,1e-04,-79.32409,-5.725792,False,False,Action.LANDING,Action.SWORD_DANCE_3_LOW,11,11,2,0,4,2,19,6,,,
1476,-57.400402,1e-04,-79.32409,-5.725792,False,False,Action.LANDING,Action.SWORD_DANCE_3_LOW,12,12,2,0,4,2,19,6,,,
1477,-57.400402,1e-04,-79.32409,-5.725792,False,False,Action.LANDING,Action.SWORD_DANCE_3_LOW,13,13,2,0,4,2,19,6,,,
1478,-57.400402,1e-04,-79.32409,-5.725792,False,False,Action.LANDING,Action.SWORD_DANCE_3_LOW,14,14,2,0,4,2,19,6,,,
1479,-57.400402,1e-04,-79.32409,-5.725792,False,False,Action.LANDING,Action.SWORD_DANCE_3_LOW,15,15,2,0,4,2,19,6,,,
1480,-57.400402,1e-04,-79.32409,-5.740792,False,False,Action.LANDING,Action.SWORD_DANCE_3_LOW,16,16,2,0,4,2,19,6,,,
1481,-57.400402,1e-04,-79.32409,-5.770792,False,False,Action.LANDING,Action.SWORD_DANCE_3_LOW,17,17,2,0,4,2,19,6,,,
1482,-57.400402,1e-04,-79.32409,-5.815792,False,False,Action.LANDING,Action.SWORD_DANCE_3_LOW,18,18,2,0,4,2,19,6,,,
1483,-57.400402,1e-04,-79.32409,-5.875792,False,False,Action.LANDING,Action.SWORD_DANCE_3_LOW,19,19,2,0,4,2,19,6,,,
1484,-57.400402,1e-04,-79.32409,-5.950792,False,False,Action.LANDING,Action.SWORD_DANCE_3_LOW,20,20,2,0,4,2,19,6,,,
1485,-57.400402,1e-04,-79.32409,-6.040792,False,False,Action.LANDING,Action.SWORD_DANCE_3_LOW,21,21,2,0,4,2,19,6,,,
1486,-57.400402,1e-04,-79.32409,-6.145792,False,False,Action.LANDING,Action.SWORD_DANCE_3_LOW,22,22,2,0,4,2,19,6,,,
1487,-57.400402,1e-04,-79.32409,-6.265792,False,False,Action.LANDING,Action.SWORD_DANCE_3_LOW,23,23,2,0,4,2,19,6,,,
1488,-57.400402,1e-04,-79.32409,-6.400792,False,False,Action.LANDING,Action.SWORD_DANCE_3_LOW,24,24,2,0,4,2,19,6,,,
1489,-57.400402,1e-04,-79.32409,-6.550792,False,False,Action.LANDING,Action.SWORD_DANCE_3_LOW,25,25,2,0,4,2,19,6,,,
1490,-57.400402,1e-04,-79.32409,-6.715792,False,False,Action.LANDING,Action.SWORD_DANCE_3_LOW,26,26,2,0,4,2,19,6,,,
1491,-57.400402,1e-04,-79.32409,-6.895792,False,False,Action.LANDING,Action.SWORD_DANCE_3_LOW,27,27,2,0,4,2,19,6,,,
1492,-57.400402,1e-04,-79.32409,-7.090792,False,False,Action.LANDING,Action.SWORD_DANCE_3_LOW,28,28,2,0,4,2,19,6,,,
1493,-57.400402,1e-04,-79.32409,-7.300792,False,False,Action.LANDING,Action.SWORD_DANCE_3_LOW,29,29,2,0,4,2,19,6,,,
1494,-57.400402,1e-04,-79.32409,-7.525792,False,False,Action.LANDING,Action.SWORD_DANCE_3_LOW,30,30,2,0,4,2,19,6,,,
1495,-57.400402,1e-04,-79.32409,-7.765792,False,False,Action.STANDING,Action.SWORD_DANCE_3_LOW,1,31,2,0,4,2,19,6,,,
1496,-57.400402,1e-04,-79.32409,-8.020792,False,False,Action.STANDING,Action.SWORD_DANCE_3_LOW,2,32,2,0,4,2,19,6,,,
1497,-57.400402,1e-04,-79.32409,-8.290792,False,False,Action.STANDING,Action.SWORD_DANCE_3_LOW,3,33,2,0,4,2,19,6,,,
1498,-57.400402,1e-04,-79.32409,-8.575792,False,False,Action.STANDING,Action.SWORD_DANCE_3_LOW,4,34,2,0,4,2,19,6,,,
1499,-57.400402,1e-04,-79.32409,-8.8757925,False,False,Action.STANDING,Action.SWORD_DANCE_3_LOW,5,35,2,0,4,2,19,6,,,
1500,-57.400402,1e-04,-79.32409,-9.190792,False,False,Action.STANDING,Action.SWORD_DANCE_3_LOW,6,36,2,0,4,2,19,6,,,
1501,-57.40046,1e-04,-79.32409,-9.520792,False,False,Action.FSMASH_MID,Action.SWORD_DANCE_3_LOW,1,37,2,0,4,2,19,6,,,
1502,-57.4006,1e-04,-79.32409,-9.865792,False,False,Action.FSMASH_MID,Action.SWORD_DANCE_3_LOW,2,38,2,0,4,2,19,6,,,
1503,-57.400776,1e-04,-79.32409,-10.225792,False,False,Action.FSMASH_MID,Action.SWORD_DANCE_3_LOW,3,39,2,0,4,2,19,6,,,
1504,-57.400936,1e-04,-79.32409,-10.600792,False,False,Action.FSMASH_MID,Action.SWORD_DANCE_3_LOW,4,40,2,0,4,2,19,6,,,
1505,-57.401028,1e-04,-79.32409,-10.990791,False,False,Action.FSMASH_MID,Action.SWORD_DANCE_3_LOW,5,41,2,0,4,2,19,6,,,
1506,-57.401,1e-04,-79.32409,-11.395791,False,False,Action.FSMASH_MID,Action.SWORD_DANCE_3_LOW,6,42,2,0,4,2,19,6,,,
1507,-57.400806,1e-04,-82.52212,-13.4482565,False,False,Action.FSMASH_MID,Action.SWORD_DANCE_4_MID,7,1,2,0,4,2,19,6,,,
1508,-57.400394,1e-04,-85.720146,-15.500722,False,False,Action.FSMASH_MID,Action.SWORD_DANCE_4_MID,8,2,2,0,4,2,19,6,,,
1509,-58.938766,1e-04,-88.918175,-17.553188,False,False,Action.FSMASH_MID,Action.SWORD_DANCE_4_MID,9,3,2,0,4,2,19,6,,,
1510,-60.47714,1e-04,-92.1162,-19.605654,False,False,Action.FSMASH_MID,Action.SWORD_DANCE_4_MID,10,4,2,0,4,2,19,6,,,
1511,-62.01551,1e-04,-95.31423,-21.65812,False,False,Action.FSMASH_MID,Action.SWORD_DANCE_4_MID,11,5,2,0,4,2,19,6,,,
1512,-63.553883,1e-04,-98.4281,-23.656572,False,False,Action.FSMASH_MID,Action.SWORD_DANCE_4_MID,12,6,2,0,4,2,19,6,,,
1513,-65.092255,1e-04,-101.45781,-25.601013,False,False,Action.FSMASH_MID,Action.SWORD_DANCE_4_MID,13,7,2,0,4,2,19,6,,,
1514,-66.63062,1e-04,-104.40336,-27.491442,False,False,Action.FSMASH_MID,Action.SWORD_DANCE_4_MID,14,8,2,0,4,2,19,6,,,
1515,-67.772484,1e-04,-107.264755,-29.327858,False,False,Action.FSMASH_MID,Action.SWORD_DANCE_4_MID,15,9,2,0,4,2,19,6,,,
1516,-68.4,0.0,-110.04199,-31.110262,False,False,Action.FSMASH_MID,Action.SWORD_DANCE_4_MID,16,10,2,0,4,2,19,6,,,
1517,-68.4,0.0,-112.73507,-32.838654,False,False,Action.FSMASH_MID,Action.SWORD_DANCE_4_MID,17,11,2,0,4,2,19,6,,,
1518,-68.4,0.0,-115.34399,-34.513035,False,False,Action.FSMASH_MID,Action.SWORD_DANCE_4_MID,18,12,2,0,4,2,19,6,,,
1519,-68.4,0.0,-117.868744,-36.133404,False,False,Action.FSMASH_MID,Action.SWORD_DANCE_4_MID,19,13,2,0,4,2,19,6,,,
1520,-68.4,0.0,-120.30934,-37.69976,False,False,Action.FSMASH_MID,Action.SWORD_DANCE_4_MID,20,14,2,0,4,2,19,6,,,
1521,-68.4,0.0,-122.66579,-39.212105,False,False,Action.FSMASH_MID,Action.SWORD_DANCE_4_MID,21,15,2,0,4,2,19,6,,,
1522,-68.4,0.0,-124.93807,-40.670437,False,False,Action.FSMASH_MID,Action.SWORD_DANCE_4_MID,22,16,2,0,4,2,19,6,,,
1523,-68.4,0.0,-127.1262,-42.074757,False,False,Action.FSMASH_MID,Action.SWORD_DANCE_4_MID,23,17,2,0,4,2,19,6,,,
1524,-68.4,0.0,-129.23016,-43.425064,False,False,Action.FSMASH_MID,Action.SWORD_DANCE_4_MID,24,18,2,0,4,2,19,6,,,
1525,-68.4,0.0,-131.24997,-44.72136,False,False,Action.FSMASH_MID,Action.SWORD_DANCE_4_MID,25,19,2,0,4,2,19,6,,,
1526,-68.4,0.0,-133.18562,-45.963642,False,False,Action.FSMASH_MID,Action.SWORD_DANCE_4_MID,26,20,2,0,4,2,19,6,,,
1527,-68.4,0.0,-135.03711,-47.151913,False,False,Action.FSMASH_MID,Action.SWORD_DANCE_4_MID,27,21,2,0,4,2,19,6,,,
1528,-68.4,0.0,-136.80444,-48.28617,False,False,Action.FSMASH_MID,Action.SWORD_DANCE_4_MID,28,22,2,0,4,2,19,6,,,
1529,-68.4,0.0,-138.48761,-49.366417,False,False,Action.FSMASH_MID,Action.SWORD_DANCE_4_MID,29,23,2,0,4,2,19,6,,,
1530,-68.4,0.0,-140.08662,-50.39265,False,False,Action.FSMASH_MID,Action.SWORD_DANCE_4_MID,30,24,2,0,4,2,19,6,,,
1531,-68.4,1e-04,-141.60149,-51.364872,False,False,Action.FSMASH_MID,Action.SWORD_DANCE_4_MID,31,25,2,0,4,2,19,6,,,
1532,-68.4,1e-04,-143.03218,-52.28308,False,False,Action.FSMASH_MID,Action.SWORD_DANCE_4_MID,32,26,2,0,4,2,19,6,,,
1533,-68.4,1e-04,-144.37872,-53.147278,False,False,Action.FSMASH_MID,Action.SWORD_DANCE_4_MID,33,27,2,0,4,2,19,6,,,
1534,-68.4,1e-04,-145.6411,-53.957462,False,False,Action.FSMASH_MID,Action.SWORD_DANCE_4_MID,34,28,2,0,4,2,19,6,,,
1535,-68.4,1e-04,-146.81932,-54.713634,False,False,Action.FSMASH_MID,Action.SWORD_DANCE_4_MID,35,29,2,0,4,2,19,6,,,
1536,-68.4,1e-04,-147.91338,-55.415794,False,False,Action.FSMASH_MID,Action.SWORD_DANCE_4_MID,36,30,2,0,4,2,19,6,,,
1537,-68.4,1e-04,-148.98744,-56.347954,False,False,Action.FSMASH_MID,Action.SWORD_DANCE_1_AIR,37,1,2,0,4,2,19,6,,,
1538,-68.4,1e-04,-149.98676,-57.510113,False,False,Action.FSMASH_MID,Action.SWORD_DANCE_1_AIR,38,2,2,0,4,2,19,6,,,
1539,-68.4,1e-04,-150.96606,-60.910114,False,False,Action.FSMASH_MID,Action.SWORD_DANCE_1_AIR,39,3,2,0,4,2,19,6,,,
1540,-68.4,1e-04,-151.87663,-64.31011,False,False,Action.STANDING,Action.SWORD_DANCE_1_AIR,1,4,2,0,4,2,19,6,,,
1541,-68.4,1e-04,-152.7672,-67.71011,False,False,Action.STANDING,Action.SWORD_DANCE_1_AIR,2,5,2,0,4,2,19,6,,,
1542,-68.4,1e-04,-153.63776,-71.110115,False,False,Action.STANDING,Action.SWORD_DANCE_1_AIR,3,6,2,0,4,2,19,6,,,
1543,-68.4,1e-04,-154.48831,-74.51012,False,False,Action.STANDING,Action.SWORD_DANCE_1_AIR,4,7,2,0,4,2,19,6,,,
1544,-68.4,1e-04,-155.27687,-77.91012,False,False,Action.STANDING,Action.SWORD_DANCE_1_AIR,5,8,2,0,4,2,19,6,,,
1545,-68.4,1e-04,-155.99068,-81.31012,False,False,Action.STANDING,Action.SWORD_DANCE_1_AIR,6,9,2,0,4,2,19,6,,,
1546,-68.4,1e-04,-156.78224,-84.71012,False,False,Action.STANDING,Action.SWORD_DANCE_1_AIR,7,10,2,0,4,2,19,6,,,
1547,-68.4,1e-04,-157.5538,-88.11012,False,False,Action.STANDING,Action.SWORD_DANCE_1_AIR,8,11,2,0,4,2,19,6,,,
1548,-68.4,1e-04,-158.30536,-91.510124,False,False,Action.STANDING,Action.SWORD_DANCE_1_AIR,9,12,2,0,4,2,19,6,,,
1549,-68.4,1e-04,-158.99042,-94.910126,False,False,Action.STANDING,Action.SWORD_DANCE_1_AIR,10,13,2,0,4,2,19,6,,,
1550,-68.4,1e-04,-159.65549,-98.31013,False,False,Action.STANDING,Action.SWORD_DANCE_1_AIR,11,14,2,0,4,2,19,6,,,
1551,-68.4,1e-04,-160.38174,-101.71013,False,False,Action.STANDING,Action.SWORD_DANCE_1_AIR,12,15,2,0,4,2,19,6,,,
1552,-68.4,1e-04,-161.088,-105.11013,False,False,Action.STANDING,Action.SWORD_DANCE_1_AIR,13,16,2,0,4,2,19,6,,,
1553,-68.4,1e-04,-161.77425,-108.51013,False,False,Action.STANDING,Action.SWORD_DANCE_1_AIR,14,17,2,0,4,2,19,6,,,
1554,-68.4,1e-04,-162.539,-111.91013,False,False,Action.STANDING,Action.DEAD_DOWN,15,-1,2,0,4,1,19,6,,,
1555,-68.4,1e-04,-162.539,-111.91013,False,False,Action.STANDING,Action.DEAD_DOWN,16,-1,2,0,4,1,19,6,,,
1556,-68.4,1e-04,-162.539,-111.91013,False,False,Action.TAUNT_RIGHT,Action.DEAD_DOWN,1,-1,2,0,4,1,19,6,,,
1557,-68.4,1e-04,-162.539,-111.91013,False,False,Action.TAUNT_RIGHT,Action.DEAD_DOWN,2,-1,2,0,4,1,19,6,,,
1558,-68.4,1e-04,-162.539,-111.91013,False,False,Action.TAUNT_RIGHT,Action.DEAD_DOWN,3,-1,2,0,4,1,19,6,,,
1559,-68.4,1e-04,-162.539,-111.91013,False,False,Action.TAUNT_RIGHT,Action.DEAD_DOWN,4,-1,2,0,4,1,19,6,,,
1560,-68.4,1e-04,-162.539,-111.91013,False,False,Action.TAUNT_RIGHT,Action.DEAD_DOWN,5,-1,2,0,4,1,19,6,,,
1561,-68.4,1e-04,-162.539,-111.91013,False,False,Action.TAUNT_RIGHT,Action.DEAD_DOWN,6,-1,2,0,4,1,19,6,,,
1562,-68.4,1e-04,-162.539,-111.91013,False,False,Action.TAUNT_RIGHT,Action.DEAD_DOWN,7,-1,2,0,4,1,19,6,,,
1563,-68.4,1e-04,-162.539,-111.91013,False,False,Action.TAUNT_RIGHT,Action.DEAD_DOWN,8,-1,2,0,4,1,19,6,,,
1564,-68.4,1e-04,-162.539,-111.91013,False,False,Action.TAUNT_RIGHT,Action.DEAD_DOWN,9,-1,2,0,4,1,19,6,,,
1565,-68.4,1e-04,-162.539,-111.91013,False,False,Action.TAUNT_RIGHT,Action.DEAD_DOWN,10,-1,2,0,4,1,19,6,,,
1566,-68.4,1e-04,-162.539,-111.91013,False,False,Action.TAUNT_RIGHT,Action.DEAD_DOWN,11,-1,2,0,4,1,19,6,,,
1567,-68.4,1e-04,-162.539,-111.91013,False,False,Action.TAUNT_RIGHT,Action.DEAD_DOWN,12,-1,2,0,4,1,19,6,,,
1568,-68.4,1e-04,-162.539,-111.91013,False,False,Action.TAUNT_RIGHT,Action.DEAD_DOWN,13,-1,2,0,4,1,19,6,,,
1569,-68.4,1e-04,-162.539,-111.91013,False,False,Action.TAUNT_RIGHT,Action.DEAD_DOWN,14,-1,2,0,4,1,19,6,,,
1570,-68.4,1e-04,-162.539,-111.91013,False,False,Action.TAUNT_RIGHT,Action.DEAD_DOWN,15,-1,2,0,4,1,19,6,,,
1571,-68.4,1e-04,-162.539,-111.91013,False,False,Action.TAUNT_RIGHT,Action.DEAD_DOWN,16,-1,2,0,4,1,19,6,,,
1572,-68.4,1e-04,-162.539,-111.91013,False,False,Action.TAUNT_RIGHT,Action.DEAD_DOWN,17,-1,2,0,4,1,19,6,,,
1573,-68.4,1e-04,-162.539,-111.91013,False,False,Action.TAUNT_RIGHT,Action.DEAD_DOWN,18,-1,2,0,4,1,19,6,,,
1574,-68.4,1e-04,-162.539,-111.91013,False,False,Action.TAUNT_RIGHT,Action.DEAD_DOWN,19,-1,2,0,4,1,19,6,,,
1575,-68.4,1e-04,-162.539,-111.91013,False,False,Action.TAUNT_RIGHT,Action.DEAD_DOWN,20,-1,2,0,4,1,19,6,,,
1576,-68.4,1e-04,-162.539,-111.91013,False,False,Action.TAUNT_RIGHT,Action.DEAD_DOWN,21,-1,2,0,4,1,19,6,,,
1577,-68.4,1e-04,-162.539,-111.91013,False,False,Action.TAUNT_RIGHT,Action.DEAD_DOWN,22,-1,2,0,4,1,19,6,,,
1578,-68.4,1e-04,-162.539,-111.91013,False,False,Action.TAUNT_RIGHT,Action.DEAD_DOWN,23,-1,2,0,4,1,19,6,,,
1579,-68.4,1e-04,-162.539,-111.91013,False,False,Action.TAUNT_RIGHT,Action.DEAD_DOWN,24,-1,2,0,4,1,19,6,,,
1580,-68.4,1e-04,-162.539,-111.91013,False,False,Action.TAUNT_RIGHT,Action.DEAD_DOWN,25,-1,2,0,4,1,19,6,,,
1581,-68.4,1e-04,-162.539,-111.91013,False,False,Action.TAUNT_RIGHT,Action.DEAD_DOWN,26,-1,2,0,4,1,19,6,,,
1582,-68.4,1e-04,-162.539,-111.91013,False,False,Action.TAUNT_RIGHT,Action.DEAD_DOWN,27,-1,2,0,4,1,19,6,,,
1583,-68.4,1e-04,-162.539,-111.91013,False,False,Action.TAUNT_RIGHT,Action.DEAD_DOWN,28,-1,2,0,4,1,19,6,,,
1584,-68.4,1e-04,-162.539,-111.91013,False,False,Action.TAUNT_RIGHT,Action.DEAD_DOWN,29,-1,2,0,4,1,19,6,,,
1585,-68.4,1e-04,-162.539,-111.91013,False,False,Action.TAUNT_RIGHT,Action.DEAD_DOWN,30,-1,2,0,4,1,19,6,,,
1586,-68.4,1e-04,-162.539,-111.91013,False,False,Action.TAUNT_RIGHT,Action.DEAD_DOWN,31,-1,2,0,4,1,19,6,,,
1587,-68.4,1e-04,-162.539,-111.91013,False,False,Action.TAUNT_RIGHT,Action.DEAD_DOWN,32,-1,2,0,4,1,19,6,,,
1588,-68.4,1e-04,-162.539,-111.91013,False,False,Action.TAUNT_RIGHT,Action.DEAD_DOWN,33,-1,2,0,4,1,19,6,,,
1589,-68.4,1e-04,-162.539,-111.91013,False,False,Action.TAUNT_RIGHT,Action.DEAD_DOWN,34,-1,2,0,4,1,19,6,,,
1590,-68.4,1e-04,-162.539,-111.91013,False,False,Action.TAUNT_RIGHT,Action.DEAD_DOWN,35,-1,2,0,4,1,19,6,,,
1591,-68.4,1e-04,-162.539,-111.91013,False,False,Action.TAUNT_RIGHT,Action.DEAD_DOWN,36,-1,2,0,4,1,19,6,,,
1592,-68.4,1e-04,-162.539,-111.91013,False,False,Action.TAUNT_RIGHT,Action.DEAD_DOWN,37,-1,2,0,4,1,19,6,,,
1593,-68.4,1e-04,-162.539,-111.91013,False,False,Action.TAUNT_RIGHT,Action.DEAD_DOWN,38,-1,2,0,4,1,19,6,,,
1594,-68.4,1e-04,-162.539,-111.91013,False,False,Action.TAUNT_RIGHT,Action.DEAD_DOWN,39,-1,2,0,4,1,19,6,,,
1595,-68.4,1e-04,-162.539,-111.91013,False,False,Action.TAUNT_RIGHT,Action.DEAD_DOWN,40,-1,2,0,4,1,19,6,,,
1596,-68.4,1e-04,-162.539,-111.91013,False,False,Action.TAUNT_RIGHT,Action.DEAD_DOWN,41,-1,2,0,4,1,19,6,,,
1597,-68.4,1e-04,-162.539,-111.91013,False,False,Action.TAUNT_RIGHT,Action.DEAD_DOWN,42,-1,2,0,4,1,19,6,,,
1598,-68.4,1e-04,-162.539,-111.91013,False,False,Action.TAUNT_RIGHT,Action.DEAD_DOWN,43,-1,2,0,4,1,19,6,,,
1599,-68.4,1e-04,-162.539,-111.91013,False,False,Action.TAUNT_RIGHT,Action.DEAD_DOWN,44,-1,2,0,4,1,19,6,,,
1600,-68.4,1e-04,-162.539,-111.91013,False,False,Action.TAUNT_RIGHT,Action.DEAD_DOWN,45,-1,2,0,4,1,19,6,,,
1601,-68.4,1e-04,-162.539,-111.91013,False,False,Action.TAUNT_RIGHT,Action.DEAD_DOWN,46,-1,2,0,4,1,19,6,,,
1602,-68.4,1e-04,-162.539,-111.91013,False,False,Action.TAUNT_RIGHT,Action.DEAD_DOWN,47,-1,2,0,4,1,19,6,,,
1603,-68.4,1e-04,-162.539,-111.91013,False,False,Action.TAUNT_RIGHT,Action.DEAD_DOWN,48,-1,2,0,4,1,19,6,,,
1604,-68.4,1e-04,-162.539,-111.91013,False,False,Action.TAUNT_RIGHT,Action.DEAD_DOWN,49,-1,2,0,4,1,19,6,,,
1605,-68.4,1e-04,-162.539,-111.91013,False,False,Action.TAUNT_RIGHT,Action.DEAD_DOWN,50,-1,2,0,4,1,19,6,,,
1606,-68.4,1e-04,-162.539,-111.91013,False,False,Action.TAUNT_RIGHT,Action.DEAD_DOWN,51,-1,2,0,4,1,19,6,,,
1607,-68.4,1e-04,-162.539,-111.91013,False,False,Action.TAUNT_RIGHT,Action.DEAD_DOWN,52,-1,2,0,4,1,19,6,,,
1608,-68.4,1e-04,-162.539,-111.91013,False,False,Action.TAUNT_RIGHT,Action.DEAD_DOWN,53,-1,2,0,4,1,19,6,,,
1609,-68.4,1e-04,-162.539,-111.91013,False,False,Action.TAUNT_RIGHT,Action.DEAD_DOWN,54,-1,2,0,4,1,19,6,,,
1610,-68.4,1e-04,-162.539,-111.91013,False,False,Action.TAUNT_RIGHT,Action.DEAD_DOWN,55,-1,2,0,4,1,19,6,,,
1611,-68.4,1e-04,-162.539,-111.91013,False,False,Action.TAUNT_RIGHT,Action.DEAD_DOWN,56,-1,2,0,4,1,19,6,,,
1612,-68.4,1e-04,-162.539,-111.91013,False,False,Action.TAUNT_RIGHT,Action.DEAD_DOWN,57,-1,2,0,4,1,19,6,,,
1613,-68.4,1e-04,-162.539,-111.91013,False,False,Action.TAUNT_RIGHT,Action.DEAD_DOWN,58,-1,2,0,4,1,19,6,,,
1614,-68.4,1e-04,12.8,135.06665,False,False,Action.TAUNT_RIGHT,Action.ON_HALO_DESCENT,59,1,2,1,4,1,19,0,,,
1615,-68.4,1e-04,12.8,134.13332,False,False,Action.TAUNT_RIGHT,Action.ON_HALO_DESCENT,60,2,2,1,4,1,19,0,,,
1616,-68.4,1e-04,12.8,133.19998,False,False,Action.TAUNT_RIGHT,Action.ON_HALO_DESCENT,61,3,2,1,4,1,19,0,,,
1617,-68.4,1e-04,12.8,132.26665,False,False,Action.TAUNT_RIGHT,Action.ON_HALO_DESCENT,62,4,2,1,4,1,19,0,,,
1618,-68.4,1e-04,12.8,131.33331,False,False,Action.TAUNT_RIGHT,Action.ON_HALO_DESCENT,63,5,2,1,4,1,19,0,,,
1619,-68.4,1e-04,12.8,130.39998,False,False,Action.TAUNT_RIGHT,Action.ON_HALO_DESCENT,64,6,2,1,4,1,19,0,,,
1620,-68.4,1e-04,12.8,129.46664,False,False,Action.TAUNT_RIGHT,Action.ON_HALO_DESCENT,65,7,2,1,4,1,19,0,,,
1621,-68.4,1e-04,12.8,128.53331,False,False,Action.TAUNT_RIGHT,Action.ON_HALO_DESCENT,66,8,2,1,4,1,19,0,,,
1622,-68.4,1e-04,12.8,127.599976,False,False,Action.TAUNT_RIGHT,Action.ON_HALO_DESCENT,67,9,2,1,4,1,19,0,,,
1623,-68.4,1e-04,12.8,126.66664,False,False,Action.TAUNT_RIGHT,Action.ON_HALO_DESCENT,68,10,2,1,4,1,19,0,,,
1624,-68.4,1e-04,12.8,125.73331,False,False,Action.TAUNT_RIGHT,Action.ON_HALO_DESCENT,69,11,2,1,4,1,19,0,,,
1625,-68.4,1e-04,12.8,124.79997,False,False,Action.TAUNT_RIGHT,Action.ON_HALO_DESCENT,70,12,2,1,4,1,19,0,,,
1626,-68.4,1e-04,12.8,123.86664,False,False,Action.TAUNT_RIGHT,Action.ON_HALO_DESCENT,71,13,2,1,4,1,19,0,,,
1627,-68.4,1e-04,12.8,122.933304,False,False,Action.TAUNT_RIGHT,Action.ON_HALO_DESCENT,72,14,2,1,4,1,19,0,,,
1628,-68.4,1e-04,12.8,121.99997,False,False,Action.TAUNT_RIGHT,Action.ON_HALO_DESCENT,73,15,2,1,4,1,19,0,,,
1629,-68.4,1e-04,12.8,121.066635,False,False,Action.TAUNT_RIGHT,Action.ON_HALO_DESCENT,74,16,2,1,4,1,19,0,,,
1630,-68.4,1e-04,12.8,120.1333,False,False,Action.TAUNT_RIGHT,Action.ON_HALO_DESCENT,75,17,2,1,4,1,19,0,,,
1631,-68.4,1e-04,12.8,119.19997,False,False,Action.TAUNT_RIGHT,Action.ON_HALO_DESCENT,76,18,2,1,4,1,19,0,,,
1632,-68.4,1e-04,12.8,118.26663,False,False,Action.TAUNT_RIGHT,Action.ON_HALO_DESCENT,77,19,2,1,4,1,19,0,,,
1633,-68.4,1e-04,12.8,117.3333,False,False,Action.TAUNT_RIGHT,Action.ON_HALO_DESCENT,78,20,2,1,4,1,19,0,,,
1634,-68.4,1e-04,12.8,116.39996,False,False,Action.TAUNT_RIGHT,Action.ON_HALO_DESCENT,79,21,2,1,4,1,19,0,,,
1635,-68.4,1e-04,12.8,115.46663,False,False,Action.TAUNT_RIGHT,Action.ON_HALO_DESCENT,80,22,2,1,4,1,19,0,,,
1636,-68.4,1e-04,12.8,114.533295,False,False,Action.TAUNT_RIGHT,Action.ON_HALO_DESCENT,81,23,2,1,4,1,19,0,,,
1637,-68.4,1e-04,12.8,113.59996,False,False,Action.TAUNT_RIGHT,Action.ON_HALO_DESCENT,82,24,2,1,4,1,19,0,,,
1638,-68.4,1e-04,12.8,112.666626,False,False,Action.TAUNT_RIGHT,Action.ON_HALO_DESCENT,83,25,2,1,4,1,19,0,,,
1639,-68.4,1e-04,12.8,111.73329,False,False,Action.TAUNT_RIGHT,Action.ON_HALO_DESCENT,84,26,2,1,4,1,19,0,,,
1640,-68.4,1e-04,12.8,110.79996,False,False,Action.TAUNT_RIGHT,Action.ON_HALO_DESCENT,85,27,2,1,4,1,19,0,,,
1641,-68.4,1e-04,12.8,109.86662,False,False,Action.TAUNT_RIGHT,Action.ON_HALO_DESCENT,86,28,2,1,4,1,19,0,,,
1642,-68.4,1e-04,12.8,108.93329,False,False,Action.TAUNT_RIGHT,Action.ON_HALO_DESCENT,87,29,2,1,4,1,19,0,,,
1643,-68.4,1e-04,12.8,107.999954,False,False,Action.TAUNT_RIGHT,Action.ON_HALO_DESCENT,88,30,2,1,4,1,19,0,,,
1644,-68.4,1e-04,12.8,107.06662,False,False,Action.TAUNT_RIGHT,Action.ON_HALO_DESCENT,89,31,2,1,4,1,19,0,,,
1645,-68.4,1e-04,12.8,106.133286,False,False,Action.TAUNT_RIGHT,Action.ON_HALO_DESCENT,90,32,2,1,4,1,19,0,,,
1646,-68.4,1e-04,12.8,105.19995,False,False,Action.TAUNT_RIGHT,Action.ON_HALO_DESCENT,91,33,2,1,4,1,19,0,,,
1647,-68.4,1e-04,12.8,104.26662,False,False,Action.TAUNT_RIGHT,Action.ON_HALO_DESCENT,92,34,2,1,4,1,19,0,,,
1648,-68.4,1e-04,12.8,103.33328,False,False,Action.TAUNT_RIGHT,Action.ON_HALO_DESCENT,93,35,2,1,4,1,19,0,,,
1649,-68.4,1e-04,12.8,102.39995,False,False,Action.TAUNT_RIGHT,Action.ON_HALO_DESCENT,94,36,2,1,4,1,19,0,,,
1650,-68.4,1e-04,12.8,101.46661,False,False,Action.TAUNT_RIGHT,Action.ON_HALO_DESCENT,95,37,2,1,4,1,19,0,,,
1651,-68.4,1e-04,12.8,100.53328,False,False,Action.TAUNT_RIGHT,Action.ON_HALO_DESCENT,96,38,2,1,4,1,19,0,,,
1652,-68.4,1e-04,12.8,99.599945,False,False,Action.TAUNT_RIGHT,Action.ON_HALO_DESCENT,97,39,2,1,4,1,19,0,,,
1653,-68.4,1e-04,12.8,98.66661,False,False,Action.TAUNT_RIGHT,Action.ON_HALO_DESCENT,98,40,2,1,4,1,19,0,,,
1654,-68.4,1e-04,12.8,97.73328,False,False,Action.TAUNT_RIGHT,Action.ON_HALO_DESCENT,99,41,2,1,4,1,19,0,,,
1655,-68.4,1e-04,12.8,96.79995,False,False,Action.TAUNT_RIGHT,Action.ON_HALO_DESCENT,100,42,2,1,4,1,19,0,,,
1656,-68.4,1e-04,12.8,95.86662,False,False,Action.TAUNT_RIGHT,Action.ON_HALO_DESCENT,101,43,2,1,4,1,19,0,,,
1657,-68.4,1e-04,12.8,94.93329,False,False,Action.TAUNT_RIGHT,Action.ON_HALO_DESCENT,102,44,2,1,4,1,19,0,,,
1658,-68.4,1e-04,12.8,93.999954,False,False,Action.TAUNT_RIGHT,Action.ON_HALO_DESCENT,103,45,2,1,4,1,19,0,,,
1659,-68.4,1e-04,12.8,93.06663,False,False,Action.TAUNT_RIGHT,Action.ON_HALO_DESCENT,104,46,2,1,4,1,19,0,,,
1660,-68.4,1e-04,12.8,92.13329,False,False,Action.TAUNT_RIGHT,Action.ON_HALO_DESCENT,105,47,2,1,4,1,19,0,,,
1661,-68.4,1e-04,12.8,91.19997,False,False,Action.TAUNT_RIGHT,Action.ON_HALO_DESCENT,106,48,2,1,4,1,19,0,,,
1662,-68.4,1e-04,12.8,90.26663,False,False,Action.TAUNT_RIGHT,Action.ON_HALO_DESCENT,107,49,2,1,4,1,19,0,,,
1663,-68.4,1e-04,12.8,89.333305,False,False,Action.TAUNT_RIGHT,Action.ON_HALO_DESCENT,108,50,2,1,4,1,19,0,,,
1664,-68.4,1e-04,12.8,88.39998,False,False,Action.TAUNT_RIGHT,Action.ON_HALO_DESCENT,109,51,2,1,4,1,19,0,,,
1665,-68.4,1e-04,12.8,87.466644,False,False,Action.TAUNT_RIGHT,Action.ON_HALO_DESCENT,110,52,2,1,4,1,19,0,,,
1666,-68.4,1e-04,12.8,86.53331,False,False,Action.TAUNT_RIGHT,Action.ON_HALO_DESCENT,111,53,2,1,4,1,19,0,,,
1667,-68.4,1e-04,12.8,85.59998,False,False,Action.TAUNT_RIGHT,Action.ON_HALO_DESCENT,112,54,2,1,4,1,19,0,,,
1668,-68.4,1e-04,12.8,84.66666,False,False,Action.TAUNT_RIGHT,Action.ON_HALO_DESCENT,113,55,2,1,4,1,19,0,,,
1669,-68.4,1e-04,12.8,83.73332,False,False,Action.TAUNT_RIGHT,Action.ON_HALO_DESCENT,114,56,2,1,4,1,19,0,,,
1670,-68.4,1e-04,12.8,82.79999,False,False,Action.TAUNT_RIGHT,Action.ON_HALO_DESCENT,115,57,2,1,4,1,19,0,,,
1671,-68.4,1e-04,12.8,81.86666,False,False,Action.STANDING,Action.ON_HALO_DESCENT,1,58,2,1,4,1,19,0,,,
1672,-68.4,1e-04,12.8,80.933334,False,False,Action.STANDING,Action.ON_HALO_DESCENT,2,59,2,1,4,1,19,0,,,
1673,-68.4,1e-04,12.8,80.0,False,False,Action.STANDING,Action.ON_HALO_DESCENT,3,60,2,1,4,1,19,0,,,
1674,-68.4,1e-04,12.01,84.186005,False,False,Action.STANDING,Action.JUMPING_ARIAL_FORWARD,4,1,2,0,4,1,19,0,,,
1675,-68.4,1e-04,11.29175,88.142006,False,False,Action.STANDING,Action.JUMPING_ARIAL_FORWARD,5,2,2,0,4,1,19,0,,,
1676,-68.4,1e-04,10.6145,91.868004,False,False,Action.STANDING,Action.UAIR,6,1,2,0,4,1,19,0,,,
1677,-68.4,1e-04,9.86025,95.364006,False,False,Action.TURNING,Action.UAIR,1,2,2,0,4,1,19,0,,,
1678,-68.4,1e-04,9.126,98.630005,False,False,Action.TURNING,Action.UAIR,2,3,2,0,4,1,19,0,,,
1679,-68.4,1e-04,8.411751,101.66601,False,False,Action.TURNING,Action.UAIR,3,4,2,0,4,1,19,0,,,
1680,-68.4,1e-04,7.7175007,104.47201,False,False,Action.TURNING,Action.UAIR,4,5,2,0,4,1,19,0,,,
1681,-68.4,1e-04,7.0432506,107.048004,False,False,Action.TURNING,Action.UAIR,5,6,2,0,4,1,19,0,,,
1682,-68.4,1e-04,6.3890004,109.394005,True,False,Action.TURNING,Action.UAIR,6,7,2,0,4,1,19,0,,,
1683,-68.4,1e-04,5.7967505,111.51,True,False,Action.TURNING,Action.UAIR,7,8,2,0,4,1,19,0,,,
1684,-68.4,1e-04,5.2157507,113.396,True,False,Action.TURNING,Action.UAIR,8,9,2,0,4,1,19,0,,,
1685,-68.4,1e-04,4.564501,115.052,True,False,Action.TURNING,Action.UAIR,9,10,2,0,4,1,19,0,,,
1686,-68.4,1e-04,3.933251,116.478004,True,False,Action.TURNING,Action.UAIR,10,11,2,0,4,1,19,0,,,
1687,-68.4,1e-04,3.322001,117.674,True,False,Action.TURNING,Action.UAIR,11,12,2,0,4,1,19,0,,,
1688,-68.4,1e-04,2.7705011,118.64001,True,False,Action.STANDING,Action.UAIR,1,13,2,0,4,1,19,0,,,
1689,-68.4,1e-04,2.2795012,119.37601,True,False,Action.STANDING,Action.UAIR,2,14,2,0,4,1,19,0,,,
1690,-68.4,1e-04,1.8085012,119.882,True,False,Action.KNEE_BEND,Action.UAIR,1,15,2,0,4,1,19,0,,,
1691,-68.4,1e-04,1.2762513,120.158005,True,False,Action.KNEE_BEND,Action.UAIR,2,16,2,0,4,1,19,0,,,
1692,-68.4,1e-04,0.69525135,120.204,True,False,Action.KNEE_BEND,Action.UAIR,3,17,2,0,4,1,19,0,,,
1693,-68.4,1e-04,0.1582514,120.020004,True,False,Action.KNEE_BEND,Action.UAIR,4,18,2,0,4,1,19,0,,,
1694,-68.4,1e-04,-0.44449854,119.606,True,False,Action.KNEE_BEND,Action.UAIR,5,19,2,0,4,1,19,0,,,
1695,-67.84882,4.1001,-1.0272485,118.962006,True,False,Action.JUMPING_FORWARD,Action.UAIR,1,20,1,0,4,1,19,0,,,
1696,-67.23827,8.0301,-1.5479984,115.562004,True,False,Action.JUMPING_FORWARD,Action.UAIR,2,21,1,0,4,1,19,0,,,
1697,-66.58473,11.7901,-2.1337485,112.162,True,False,Action.JUMPING_FORWARD,Action.UAIR,3,22,1,0,4,1,19,0,,,
1698,-65.93119,15.3801,-2.7147484,108.762,True,False,Action.JUMPING_FORWARD,Action.UAIR,4,23,1,0,4,1,19,0,,,
1699,-65.27765,18.8001,-3.2202482,105.362,True,False,Action.JUMPING_FORWARD,Action.UAIR,5,24,1,0,4,1,19,0,,,
1700,-64.62411,22.0501,-3.6637483,101.962,True,False,Action.JUMPING_FORWARD,Action.UAIR,6,25,1,0,4,1,19,0,,,
1701,-63.970566,25.1301,-4.1819983,98.562,True,False,Action.JUMPING_FORWARD,Action.UAIR,7,26,1,0,4,1,19,0,,,
1702,-63.24702,28.0401,-4.628498,95.161995,True,False,Action.JUMPING_FORWARD,Action.UAIR,8,27,1,0,4,1,19,0,,,
1703,-62.453476,30.7801,-5.004748,91.76199,True,False,Action.JUMPING_FORWARD,Action.UAIR,9,28,1,0,4,1,19,0,,,
1704,-61.623474,33.350098,-5.3609977,88.36199,True,False,Action.JUMPING_FORWARD,Action.UAIR,10,29,1,0,4,1,19,0,,,
1705,-60.793472,35.750095,-5.7814975,84.96199,True,False,Action.JUMPING_FORWARD,Action.UAIR,11,30,1,0,4,1,19,0,,,
1706,-59.96347,37.980095,-6.2639976,81.56199,True,False,Action.JUMPING_FORWARD,Action.UAIR,12,31,1,0,4,1,19,0,,,
1707,-59.13347,40.040092,-6.6747475,78.16199,True,False,Action.JUMPING_FORWARD,Action.UAIR,13,32,1,0,4,1,19,0,,,
1708,-58.303467,41.93009,-7.1654973,74.761986,True,False,Action.JUMPING_FORWARD,Action.UAIR,14,33,1,0,4,1,19,0,,,
1709,-57.473465,43.65009,-7.725747,71.361984,True,False,Action.JUMPING_FORWARD,Action.UAIR,15,34,1,0,4,1,19,0,,,
1710,-56.643463,45.20009,-8.357747,67.96198,True,False,Action.JUMPING_FORWARD,Action.UAIR,16,35,1,0,4,1,19,0,,,
1711,-55.81346,46.580086,-8.969747,64.56198,True,False,Action.JUMPING_FORWARD,Action.FAIR,17,1,1,0,4,1,19,0,,,
1712,-54.98346,47.790085,-9.633746,61.16198,True,False,Action.JUMPING_FORWARD,Action.FAIR,18,2,1,0,4,1,19,0,,,
1713,-54.153458,48.830086,-10.373246,57.76198,True,False,Action.JUMPING_FORWARD,Action.FAIR,19,3,1,0,4,1,19,0,,,
1714,-53.323456,49.700085,-11.092746,54.361977,True,False,Action.JUMPING_FORWARD,Action.FAIR,20,4,1,0,4,1,19,0,,,
1715,-52.493454,50.400085,-11.733746,50.961975,True,False,Action.JUMPING_FORWARD,Action.FAIR,21,5,1,0,4,1,19,0,,,
1716,-51.663452,50.930084,-12.302996,54.4001,True,False,Action.JUMPING_FORWARD,Action.FAIR_LANDING,22,1,1,2,4,1,19,0,,,
1717,-50.83345,51.290085,-12.792246,54.4001,True,False,Action.JUMPING_FORWARD,Action.FAIR_LANDING,23,3,1,2,4,1,19,0,,,
1718,-50.00345,51.480083,-13.201496,54.4001,True,False,Action.JUMPING_FORWARD,Action.FAIR_LANDING,24,6,1,2,4,1,19,0,,,
1719,-49.173447,51.500084,-13.530746,54.4001,True,False,Action.JUMPING_FORWARD,Action.FAIR_LANDING,25,9,1,2,4,1,19,0,,,
1720,-48.343445,51.350082,-13.779997,54.4001,True,False,Action.JUMPING_FORWARD,Action.FAIR_LANDING,26,11,1,2,4,1,19,0,,,
1721,-47.513443,51.030083,-13.949247,54.4001,True,False,Action.JUMPING_FORWARD,Action.FAIR_LANDING,27,14,1,2,4,1,19,0,,,
1722,-46.68344,50.54008,-14.038498,54.4001,True,False,Action.JUMPING_FORWARD,Action.FAIR_LANDING,28,17,1,2,4,1,19,0,,,
1723,-45.85344,49.88008,-14.047748,54.4001,True,False,Action.JUMPING_FORWARD,Action.FAIR_LANDING,29,20,1,2,4,1,19,0,,,
1724,-45.023438,49.05008,-14.047748,54.4001,True,False,Action.JUMPING_FORWARD,Action.FAIR_LANDING,30,22,1,2,4,1,19,0,,,
1725,-44.11824,52.734077,-14.047748,54.4001,True,False,Action.JUMPING_ARIAL_FORWARD,Action.FAIR_LANDING,1,25,0,2,4,1,19,0,,,
1726,-43.233044,56.248077,-14.047748,54.4001,True,False,Action.JUMPING_ARIAL_FORWARD,Action.FAIR_LANDING,2,28,0,2,4,1,19,0,,,
1727,-42.367847,59.592075,-14.047748,54.4001,True,False,Action.JUMPING_ARIAL_FORWARD,Action.NEUTRAL_B_ATTACKING_AIR,3,1,0,2,4,1,19,0,,,
1728,-41.52265,62.766075,-14.047748,54.4001,True,False,Action.JUMPING_ARIAL_FORWARD,Action.NEUTRAL_B_ATTACKING_AIR,4,2,0,2,4,1,19,0,,,
1729,-40.697456,65.77007,-14.047748,54.4001,True,False,Action.JUMPING_ARIAL_FORWARD,Action.NEUTRAL_B_ATTACKING_AIR,5,3,0,2,4,1,19,0,,,
1730,-39.892258,68.60407,-14.047748,54.4001,True,False,Action.JUMPING_ARIAL_FORWARD,Action.NEUTRAL_B_ATTACKING_AIR,6,4,0,2,4,1,19,0,,,
1731,-39.10706,71.268074,-14.047748,54.4001,True,False,Action.JUMPING_ARIAL_FORWARD,Action.NEUTRAL_B_ATTACKING_AIR,7,5,0,2,4,1,19,0,,,
1732,-38.34186,73.76207,-14.047748,54.4001,True,False,Action.JUMPING_ARIAL_FORWARD,Action.NEUTRAL_B_ATTACKING_AIR,8,6,0,2,4,1,19,0,,,
1733,-37.596664,76.08607,-14.047748,54.4001,True,False,Action.JUMPING_ARIAL_FORWARD,Action.NEUTRAL_B_ATTACKING_AIR,9,7,0,2,4,1,19,0,,,
1734,-36.871468,78.24007,-14.047748,54.4001,True,False,Action.JUMPING_ARIAL_FORWARD,Action.NEUTRAL_B_ATTACKING_AIR,10,8,0,2,4,1,19,0,,,
1735,-36.16627,80.22407,-14.047748,54.4001,True,False,Action.JUMPING_ARIAL_FORWARD,Action.NEUTRAL_B_ATTACKING_AIR,11,9,0,2,4,1,19,0,,,
1736,-35.481075,82.03807,-14.047748,54.4001,True,False,Action.JUMPING_ARIAL_FORWARD,Action.NEUTRAL_B_ATTACKING_AIR,12,10,0,2,4,1,19,0,,,
1737,-34.81588,83.68207,-14.047748,54.4001,True,False,Action.JUMPING_ARIAL_FORWARD,Action.NEUTRAL_B_ATTACKING_AIR,13,11,0,2,4,1,19,0,,,
1738,-34.17068,85.15607,-14.047748,54.4001,True,False,Action.JUMPING_ARIAL_FORWARD,Action.NEUTRAL_B_ATTACKING_AIR,14,12,0,2,4,1,19,0,,,
1739,-33.545483,86.46007,-14.047748,54.4001,True,False,Action.JUMPING_ARIAL_FORWARD,Action.NEUTRAL_B_ATTACKING_AIR,15,13,0,2,4,1,19,0,,,
1740,-32.940285,87.59407,-14.047748,54.4001,True,False,Action.JUMPING_ARIAL_FORWARD,Action.NEUTRAL_B_ATTACKING_AIR,16,14,0,2,4,1,19,0,,,
1741,-32.355087,88.55807,-14.047748,54.4001,True,False,Action.JUMPING_ARIAL_FORWARD,Action.NEUTRAL_B_ATTACKING_AIR,17,15,0,2,4,1,19,0,,,
1742,-31.78989,89.352066,-14.047748,54.4001,True,False,Action.JUMPING_ARIAL_FORWARD,Action.NEUTRAL_B_ATTACKING_AIR,18,16,0,2,4,1,19,0,,,
1743,-31.244694,89.97607,-14.047748,54.4001,True,False,Action.JUMPING_ARIAL_FORWARD,Action.NEUTRAL_B_ATTACKING_AIR,19,17,0,2,4,1,19,0,,,
1744,-30.719496,90.43007,-14.047748,54.4001,True,False,Action.JUMPING_ARIAL_FORWARD,Action.NEUTRAL_B_ATTACKING_AIR,20,18,0,2,4,1,19,0,,,
1745,-30.214298,90.714066,-14.047748,54.4001,True,False,Action.JUMPING_ARIAL_FORWARD,Action.NEUTRAL_B_ATTACKING_AIR,21,19,0,2,4,1,19,0,,,
1746,-29.729101,90.828064,-16.147747,54.4001,True,False,Action.JUMPING_ARIAL_FORWARD,Action.SWORD_DANCE_1,22,1,0,2,4,1,19,0,,,
1747,-29.263905,90.772064,-18.147747,54.4001,True,False,Action.JUMPING_ARIAL_FORWARD,Action.SWORD_DANCE_1,23,2,0,2,4,1,19,0,,,
1748,-28.818707,90.54607,-18.800001,54.4,True,False,Action.JUMPING_ARIAL_FORWARD,Action.SWORD_DANCE_1,24,3,0,2,4,1,19,0,,,
1749,-28.393509,90.15006,-18.800001,54.4,True,False,Action.JUMPING_ARIAL_FORWARD,Action.SWORD_DANCE_1,25,4,0,2,4,1,19,0,,,
1750,-27.988312,89.58406,-18.800001,54.4,True,False,Action.JUMPING_ARIAL_FORWARD,Action.SWORD_DANCE_1,26,5,0,2,4,1,19,0,,,
1751,-27.603115,88.84806,-18.800001,54.4,True,False,Action.JUMPING_ARIAL_FORWARD,Action.SWORD_DANCE_1,27,6,0,2,4,1,19,0,,,
1752,-27.237919,87.94206,-18.800001,54.4,True,False,Action.JUMPING_ARIAL_FORWARD,Action.SWORD_DANCE_1,28,7,0,2,4,1,19,0,,,
1753,-26.892721,86.86606,-18.800001,54.4,True,False,Action.JUMPING_ARIAL_FORWARD,Action.SWORD_DANCE_1,29,8,0,2,4,1,19,0,,,
1754,-26.513666,85.620056,-18.800001,54.4,True,False,Action.JUMPING_ARIAL_FORWARD,Action.SWORD_DANCE_1,30,9,0,2,4,1,19,0,,,
1755,-26.083115,84.204056,-18.800001,54.4,True,False,Action.JUMPING_ARIAL_FORWARD,Action.SWORD_DANCE_1,31,10,0,2,4,1,19,0,,,
1756,-25.596342,82.61806,-18.800001,54.4,True,False,Action.JUMPING_ARIAL_FORWARD,Action.SWORD_DANCE_1,32,11,0,2,4,1,19,0,,,
1757,-25.052563,80.86205,-18.800001,54.4,True,False,Action.JUMPING_ARIAL_FORWARD,Action.SWORD_DANCE_1,33,12,0,2,4,1,19,0,,,
1758,-24.528784,78.93605,-18.800001,54.4,True,False,Action.JUMPING_ARIAL_FORWARD,Action.SWORD_DANCE_1,34,13,0,2,4,1,19,0,,,
1759,-24.025003,76.84005,-18.800001,54.4,True,False,Action.JUMPING_ARIAL_FORWARD,Action.SWORD_DANCE_1,35,14,0,2,4,1,19,0,,,
1760,-23.541224,74.57405,-18.800001,54.4,True,False,Action.JUMPING_ARIAL_FORWARD,Action.SWORD_DANCE_1,36,15,0,2,4,1,19,0,,,
1761,-23.077444,72.13805,-18.800001,54.4,True,False,Action.JUMPING_ARIAL_FORWARD,Action.SWORD_DANCE_1,37,16,0,2,4,1,19,0,,,
1762,-22.633665,69.53204,-18.800001,54.4,True,False,Action.JUMPING_ARIAL_FORWARD,Action.SWORD_DANCE_1,38,17,0,2,4,1,19,0,,,
1763,-22.209885,66.75604,-18.800001,54.4,True,False,Action.JUMPING_ARIAL_FORWARD,Action.SWORD_DANCE_1,39,18,0,2,4,1,19,0,,,
1764,-21.806105,63.810043,-18.800001,54.4,True,False,Action.JUMPING_ARIAL_FORWARD,Action.SWORD_DANCE_1,40,19,0,2,4,1,19,0,,,
1765,-21.422325,60.710045,-18.800001,54.4,True,False,Action.JUMPING_ARIAL_FORWARD,Action.SWORD_DANCE_1,41,20,0,2,4,1,19,0,,,
1766,-21.058546,57.610046,-18.800001,54.4,True,False,Action.JUMPING_ARIAL_FORWARD,Action.SWORD_DANCE_1,42,21,0,2,4,1,19,0,,,
1767,-20.714767,54.510048,-18.800001,54.4001,True,False,Action.JUMPING_ARIAL_FORWARD,Action.SWORD_DANCE_1,43,22,0,2,4,1,19,0,,,
1768,-20.390987,51.41005,-18.800001,54.4001,True,False,Action.JUMPING_ARIAL_FORWARD,Action.SWORD_DANCE_1,44,23,0,2,4,1,19,0,,,
1769,-20.087208,48.31005,-18.800001,54.4001,True,False,Action.JUMPING_ARIAL_FORWARD,Action.SWORD_DANCE_1,45,24,0,2,4,1,19,0,,,
1770,-19.803429,45.210052,-18.800001,54.4001,True,False,Action.JUMPING_ARIAL_FORWARD,Action.SWORD_DANCE_1,46,25,0,2,4,1,19,0,,,
1771,-19.53965,42.110054,-18.800001,54.4001,True,False,Action.JUMPING_ARIAL_FORWARD,Action.SWORD_DANCE_1,47,26,0,2,4,1,19,0,,,
1772,-19.29587,39.010056,-18.800001,54.4001,True,False,Action.JUMPING_ARIAL_FORWARD,Action.SWORD_DANCE_1,48,27,0,2,4,1,19,0,,,
1773,-19.07209,35.910057,-18.800001,54.4001,True,False,Action.JUMPING_ARIAL_FORWARD,Action.SWORD_DANCE_1,49,28,0,2,4,1,19,0,,,
1774,-18.86831,32.81006,-18.800001,54.4001,True,False,Action.JUMPING_ARIAL_FORWARD,Action.SWORD_DANCE_1,50,29,0,2,4,1,19,0,,,
1775,-18.684532,29.710058,-18.800001,54.4001,True,False,Action.FALLING_AERIAL,Action.SWORD_DANCE_1,1,30,0,2,4,1,19,0,,,
1776,-18.520752,26.610058,-18.800001,54.4001,True,False,Action.UAIR,Action.SWORD_DANCE_1,1,31,0,2,4,1,19,0,,,
1777,-18.376972,23.510057,-18.800001,54.4001,True,False,Action.UAIR,Action.SWORD_DANCE_1,2,32,0,2,4,1,19,0,,,
1778,-18.253193,20.410057,-18.800001,54.4001,True,False,Action.UAIR,Action.SWORD_DANCE_1,3,33,0,2,4,1,19,0,,,
1779,-18.149414,17.310057,-18.800001,54.4001,True,False,Action.UAIR,Action.SWORD_DANCE_1,4,34,0,2,4,1,19,0,,,
1780,-18.065634,14.210056,-18.800001,54.4001,True,False,Action.UAIR,Action.SWORD_DANCE_1,5,35,0,2,4,1,19,0,,,
1781,-18.001854,11.110056,-18.800001,54.4001,True,False,Action.UAIR,Action.SWORD_DANCE_1,6,36,0,2,4,1,19,0,,,
1782,-17.958075,8.010056,-18.800001,54.4001,True,False,Action.UAIR,Action.SWORD_DANCE_1,7,37,0,2,4,1,19,0,,,
1783,-17.934296,4.9100556,-18.800001,54.4001,True,False,Action.UAIR,Action.SWORD_DANCE_1,8,38,0,2,4,1,19,0,,,
1784,-17.930515,1.8100557,-18.800001,54.4001,True,False,Action.UAIR,Action.SWORD_DANCE_1,9,39,0,2,4,1,19,0,,,
1785,-17.930515,-1.2899442,-18.800001,54.4001,True,False,Action.UAIR,Action.SWORD_DANCE_1,10,40,0,2,4,1,19,0,,,
1786,-17.930515,-4.389944,-18.800001,54.4001,True,False,Action.UAIR,Action.NEUTRAL_B_ATTACKING_AIR,11,1,0,2,4,1,19,0,,,
1787,-17.930515,0.0001001358,-18.800001,54.4001,True,False,Action.UAIR_LANDING,Action.NEUTRAL_B_ATTACKING_AIR,1,2,2,2,4,1,19,0,,,
1788,-17.930515,9.9897385e-05,-18.800001,54.4001,True,False,Action.UAIR_LANDING,Action.NEUTRAL_B_ATTACKING_AIR,2,3,2,2,4,1,19,0,,,
1789,-17.930515,1e-04,-18.800001,54.4001,True,False,Action.UAIR_LANDING,Action.NEUTRAL_B_ATTACKING_AIR,4,4,2,2,4,1,19,0,,,
1790,-17.930515,1e-04,-18.800001,54.4001,True,False,Action.UAIR_LANDING,Action.NEUTRAL_B_ATTACKING_AIR,6,5,2,2,4,1,19,0,,,
1791,-17.930515,1e-04,-18.800001,54.4001,True,False,Action.UAIR_LANDING,Action.NEUTRAL_B_ATTACKING_AIR,7,6,2,2,4,1,19,0,,,
1792,-17.930515,1e-04,-18.800001,54.4001,True,False,Action.UAIR_LANDING,Action.NEUTRAL_B_ATTACKING_AIR,9,7,2,2,4,1,19,0,,,
1793,-17.930515,1e-04,-18.800001,54.4001,True,False,Action.UAIR_LANDING,Action.NEUTRAL_B_ATTACKING_AIR,11,8,2,2,4,1,19,0,,,
1794,-17.930515,1e-04,-18.800001,54.4001,True,False,Action.UAIR_LANDING,Action.NEUTRAL_B_ATTACKING_AIR,12,9,2,2,4,1,19,0,,,
1795,-17.930515,1e-04,-18.800001,54.4001,True,False,Action.UAIR_LANDING,Action.NEUTRAL_B_ATTACKING_AIR,14,10,2,2,4,1,19,0,,,
1796,-17.930515,1e-04,-18.800001,54.4001,True,False,Action.UAIR_LANDING,Action.NEUTRAL_B_ATTACKING_AIR,16,11,2,2,4,1,19,0,,,
1797,-17.930515,1e-04,-18.800001,54.4001,True,False,Action.UAIR_LANDING,Action.NEUTRAL_B_ATTACKING_AIR,17,12,2,2,4,1,19,0,,,
1798,-17.930515,1e-04,-18.800001,54.4001,True,False,Action.UAIR_LANDING,Action.NEUTRAL_B_ATTACKING_AIR,19,13,2,2,4,1,19,0,,,
1799,-17.930515,1e-04,-18.800001,54.4001,True,False,Action.UAIR_LANDING,Action.NEUTRAL_B_ATTACKING_AIR,21,14,2,2,4,1,19,0,,,
1800,-17.930515,1e-04,-18.800001,54.4001,True,False,Action.UAIR_LANDING,Action.NEUTRAL_B_ATTACKING_AIR,22,15,2,2,4,1,19,0,,,
1801,-17.930515,1e-04,-18.800001,54.4001,True,False,Action.UAIR_LANDING,Action.NEUTRAL_B_ATTACKING_AIR,24,16,2,2,4,1,19,0,,,
1802,-17.930515,1e-04,-18.800001,54.4001,True,False,Action.UAIR_LANDING,Action.NEUTRAL_B_ATTACKING_AIR,26,17,2,2,4,1,19,0,,,
1803,-17.930515,1e-04,-18.800001,54.4001,True,False,Action.UAIR_LANDING,Action.NEUTRAL_B_ATTACKING_AIR,27,18,2,2,4,1,19,0,,,
1804,-17.930515,1e-04,-18.800001,54.4001,True,False,Action.UAIR_LANDING,Action.NEUTRAL_B_ATTACKING_AIR,29,19,2,2,4,1,19,0,,,
1805,-17.930515,1e-04,-18.800001,54.4001,True,False,Action.STANDING,Action.NEUTRAL_B_FULL_CHARGE_AIR,1,1,2,2,4,1,19,0,,,
1806,-17.773823,1e-04,-23.48,54.4001,True,False,Action.WALK_SLOW,Action.SWORD_DANCE_2_MID,1,2,2,0,4,1,19,0,,,
1807,-17.567104,1e-04,-25.41,54.4001,True,False,Action.WALK_SLOW,Action.SWORD_DANCE_3_HIGH,2,1,2,0,4,1,19,0,,,
1808,-17.440386,1e-04,-27.27,54.4001,True,False,Action.STANDING,Action.SWORD_DANCE_3_HIGH,1,2,2,0,4,1,19,0,,,
1809,-17.393667,1e-04,-29.06,54.4001,True,False,Action.TURNING,Action.SWORD_DANCE_3_HIGH,1,3,2,0,4,1,19,0,,,
1810,-17.393667,1e-04,-30.779999,54.4001,True,False,Action.TURNING,Action.SWORD_DANCE_3_HIGH,2,4,2,0,4,1,19,0,,,
1811,-17.393667,1e-04,-32.43,54.4001,True,False,Action.TURNING,Action.SWORD_DANCE_3_HIGH,3,5,2,0,4,1,19,0,,,
1812,-17.393667,1e-04,-34.01,54.3201,True,False,Action.TURNING,Action.SWORD_DANCE_3_HIGH,4,6,2,0,4,1,19,0,,,
1813,-17.393667,1e-04,-35.519997,54.1601,True,False,Action.TURNING,Action.SWORD_DANCE_3_HIGH,5,7,2,0,4,1,19,0,,,
1814,-17.393667,1e-04,-36.959995,53.920097,False,False,Action.TURNING,Action.SWORD_DANCE_3_HIGH,6,8,2,0,4,1,19,0,,,
1815,-17.393667,1e-04,-38.329994,53.600098,False,False,Action.TURNING,Action.SWORD_DANCE_3_HIGH,7,9,2,0,4,1,19,0,,,
1816,-17.393667,1e-04,-39.629993,53.200096,False,False,Action.TURNING,Action.SWORD_DANCE_3_HIGH,8,10,2,0,4,1,19,0,,,
1817,-17.393667,1e-04,-40.859993,52.720097,False,False,Action.TURNING,Action.SWORD_DANCE_3_HIGH,9,11,2,0,4,1,19,0,,,
1818,-17.393667,1e-04,-42.019993,52.160095,False,False,Action.TURNING,Action.SWORD_DANCE_3_HIGH,10,12,2,0,4,1,19,0,,,
1819,-17.393667,1e-04,-43.109993,51.520096,False,False,Action.TURNING,Action.SWORD_DANCE_3_HIGH,11,13,2,0,4,1,19,0,,,
1820,-17.393667,1e-04,-44.129993,50.800095,False,False,Action.STANDING,Action.SWORD_DANCE_3_HIGH,1,14,2,0,4,1,19,0,,,
1821,-17.393667,1e-04,-45.079994,50.000095,False,False,Action.STANDING,Action.SWORD_DANCE_3_HIGH,2,15,2,0,4,1,19,0,,,
1822,-17.393667,1e-04,-45.959995,49.120094,False,False,Action.KNEE_BEND,Action.SWORD_DANCE_3_HIGH,1,16,2,0,4,1,19,0,,,
1823,-17.393667,1e-04,-46.769993,48.160095,False,False,Action.KNEE_BEND,Action.SWORD_DANCE_3_HIGH,2,17,2,0,4,1,19,0,,,
1824,-17.393667,1e-04,-47.50999,47.120094,False,False,Action.KNEE_BEND,Action.SWORD_DANCE_3_HIGH,3,18,2,0,4,1,19,0,,,
1825,-17.393667,1e-04,-48.17999,46.000095,False,False,Action.KNEE_BEND,Action.SWORD_DANCE_3_HIGH,4,19,2,0,4,1,19,0,,,
1826,-17.393667,1e-04,-48.779987,44.800095,False,False,Action.KNEE_BEND,Action.SWORD_DANCE_3_HIGH,5,20,2,0,4,1,19,0,,,
1827,-17.393667,4.1001,-49.309986,43.520096,False,False,Action.JUMPING_FORWARD,Action.SWORD_DANCE_3_HIGH,1,21,1,0,4,1,19,0,,,
1828,-17.393667,8.0301,-49.769985,42.160095,False,False,Action.JUMPING_FORWARD,Action.SWORD_DANCE_3_HIGH,2,22,1,0,4,1,19,0,,,
1829,-17.393667,11.7901,-50.159985,40.720097,False,False,Action.JUMPING_FORWARD,Action.SWORD_DANCE_3_HIGH,3,23,1,0,4,1,19,0,,,
1830,-17.393667,15.3801,-50.479984,39.200096,False,False,Action.JUMPING_FORWARD,Action.SWORD_DANCE_3_HIGH,4,24,1,0,4,1,19,0,,,
1831,-17.393667,18.8001,-50.729984,37.600098,False,False,Action.JUMPING_FORWARD,Action.SWORD_DANCE_3_HIGH,5,25,1,0,4,1,19,0,,,
1832,-17.393667,22.0501,-50.909985,35.920097,False,False,Action.JUMPING_FORWARD,Action.SWORD_DANCE_3_HIGH,6,26,1,0,4,1,19,0,,,
1833,-17.393667,25.1301,-51.019985,34.160095,False,False,Action.JUMPING_FORWARD,Action.SWORD_DANCE_3_HIGH,7,27,1,0,4,1,19,0,,,
1834,-17.463276,28.0401,-51.059986,32.320095,False,False,Action.JUMPING_FORWARD,Action.SWORD_DANCE_3_HIGH,8,28,1,0,4,1,19,0,,,
1835,-17.602495,30.7801,-51.059986,30.400095,False,False,Action.JUMPING_FORWARD,Action.SWORD_DANCE_3_HIGH,9,29,1,0,4,1,19,0,,,
1836,-17.811323,33.350098,-51.059986,28.400095,False,False,Action.JUMPING_FORWARD,Action.SWORD_DANCE_3_HIGH,10,30,1,0,4,1,19,0,,,
1837,-18.08976,35.750095,-51.059986,26.320095,False,False,Action.JUMPING_FORWARD,Action.SWORD_DANCE_3_HIGH,11,31,1,0,4,1,19,0,,,
1838,-18.437807,37.980095,-51.059986,24.160095,False,False,Action.JUMPING_FORWARD,Action.SWORD_DANCE_3_HIGH,12,32,1,0,4,1,19,0,,,
1839,-18.855463,40.040092,-51.059986,27.2001,False,False,Action.JUMPING_FORWARD,Action.LANDING_SPECIAL,13,1,1,2,4,1,19,0,,,
1840,-19.34273,41.93009,-51.059986,27.2001,False,False,Action.JUMPING_FORWARD,Action.LANDING_SPECIAL,14,2,1,2,4,1,19,0,,,
1841,-19.899605,43.65009,-51.059986,27.2001,False,False,Action.JUMPING_FORWARD,Action.LANDING_SPECIAL,15,4,1,2,4,1,19,0,,,
1842,-20.526089,45.20009,-51.059986,27.2001,False,False,Action.JUMPING_FORWARD,Action.LANDING_SPECIAL,16,5,1,2,4,1,19,0,,,
1843,-21.222183,46.580086,-51.059986,27.2001,False,False,Action.JUMPING_FORWARD,Action.LANDING_SPECIAL,17,7,1,2,4,1,19,0,,,
1844,-21.898277,47.790085,-51.059986,27.2001,False,False,Action.JUMPING_FORWARD,Action.LANDING_SPECIAL,18,8,1,2,4,1,19,0,,,
1845,-22.55437,48.830086,-51.059986,27.2001,False,False,Action.JUMPING_FORWARD,Action.LANDING_SPECIAL,19,10,1,2,4,1,19,0,,,
1846,-23.190464,49.700085,-51.059986,27.2001,False,False,Action.JUMPING_FORWARD,Action.LANDING_SPECIAL,20,11,1,2,4,1,19,0,,,
1847,-23.806559,50.400085,-51.059986,27.2001,False,False,Action.JUMPING_FORWARD,Action.LANDING_SPECIAL,21,13,1,2,4,1,19,0,,,
1848,-24.429058,50.930084,-51.059986,27.2001,False,False,Action.JUMPING_FORWARD,Action.LANDING_SPECIAL,22,14,1,2,4,1,19,0,,,
1849,-25.121168,51.290085,-51.059986,27.2001,False,False,Action.JUMPING_FORWARD,Action.LANDING_SPECIAL,23,16,1,2,4,1,19,0,,,
1850,-25.882887,51.480083,-51.059986,27.2001,False,False,Action.JUMPING_FORWARD,Action.LANDING_SPECIAL,24,17,1,2,4,1,19,0,,,
1851,-26.706402,51.500084,-51.059986,27.2001,False,False,Action.JUMPING_FORWARD,Action.LANDING_SPECIAL,25,19,1,2,4,1,19,0,,,
1852,-27.529917,51.350082,-51.059986,27.2001,False,False,Action.JUMPING_FORWARD,Action.LANDING_SPECIAL,26,20,1,2,4,1,19,0,,,
1853,-28.353432,51.030083,-51.059986,27.2001,False,False,Action.JUMPING_FORWARD,Action.LANDING_SPECIAL,27,22,1,2,4,1,19,0,,,
1854,-29.176947,50.54008,-51.059986,27.2001,False,False,Action.JUMPING_FORWARD,Action.LANDING_SPECIAL,28,23,1,2,4,1,19,0,,,
1855,-30.000462,49.88008,-51.059986,27.2001,False,False,Action.JUMPING_FORWARD,Action.LANDING_SPECIAL,29,25,1,2,4,1,19,0,,,
1856,-30.823977,49.05008,-51.059986,27.2001,False,False,Action.JUMPING_FORWARD,Action.LANDING_SPECIAL,30,26,1,2,4,1,19,0,,,
1857,-31.647491,48.05008,-51.059986,27.2001,False,False,Action.JUMPING_FORWARD,Action.LANDING_SPECIAL,31,28,1,2,4,1,19,0,,,
1858,-32.47101,46.880077,-51.059986,27.2001,False,False,Action.JUMPING_FORWARD,Action.LANDING_SPECIAL,32,29,1,2,4,1,19,0,,,
1859,-33.294525,45.540077,-51.059986,27.2001,False,False,Action.JUMPING_FORWARD,Action.UPSMASH,33,1,1,2,4,1,19,0,,,
1860,-34.118042,44.030075,-51.059986,27.2001,False,False,Action.JUMPING_FORWARD,Action.UPSMASH,34,2,1,2,4,1,19,0,,,
1861,-34.94156,42.350075,-51.059986,27.2001,False,False,Action.JUMPING_FORWARD,Action.UPSMASH,35,3,1,2,4,1,19,0,,,
1862,-35.765076,40.500072,-51.059986,27.2001,False,False,Action.JUMPING_FORWARD,Action.UPSMASH,36,4,1,2,4,1,19,0,,,
1863,-36.588593,38.480072,-51.059986,27.2001,False,False,Action.JUMPING_FORWARD,Action.UPSMASH,37,5,1,2,4,1,19,0,,,
1864,-37.41211,36.29007,-51.059986,27.2001,False,False,Action.JUMPING_FORWARD,Action.UPSMASH,38,6,1,2,4,1,19,0,,,
1865,-38.215626,33.93007,-51.059986,27.2001,False,False,Action.JUMPING_FORWARD,Action.UPSMASH,39,7,1,2,4,1,19,0,,,
1866,-38.99914,31.400068,-51.059986,27.2001,False,False,Action.JUMPING_FORWARD,Action.UPSMASH,40,8,1,2,4,1,19,0,,,
1867,-39.762657,28.700068,-51.059986,27.2001,False,False,Action.FALLING,Action.UPSMASH,1,9,1,2,4,1,19,0,,,
1868,-40.506172,25.830067,-51.059986,27.2001,False,False,Action.FALLING,Action.UPSMASH,2,10,1,2,4,1,19,0,,,
1869,-41.229687,22.790066,-51.059986,27.2001,False,False,Action.FALLING,Action.UPSMASH,3,11,1,2,4,1,19,0,,,
1870,-41.9332,27.2001,-51.059986,27.2001,False,False,Action.LANDING,Action.UPSMASH,1,12,2,2,4,1,19,0,,,
1871,-42.556717,27.2001,-51.059986,27.2001,False,False,Action.LANDING,Action.UPSMASH,2,13,2,2,4,1,19,0,,,
1872,-43.10023,27.2001,-51.059986,27.2001,False,False,Action.LANDING,Action.UPSMASH,3,14,2,2,4,1,19,0,,,
1873,-43.563747,27.2001,-51.059986,27.2001,False,False,Action.DAMAGE_HIGH_3,Action.UPSMASH,1,15,1,2,4,1,32,0,,,
1874,-47.688747,31.499313,-51.059986,27.2001,False,False,Action.DAMAGE_HIGH_3,Action.UPSMASH,1,15,1,2,4,1,32,0,,,
1875,-47.688747,31.499313,-51.059986,27.2001,False,False,Action.DAMAGE_HIGH_3,Action.UPSMASH,1,15,1,2,4,1,32,0,,,
1876,-47.688747,31.499313,-51.059986,27.2001,False,False,Action.DAMAGE_HIGH_3,Action.UPSMASH,1,15,1,2,4,1,32,0,,,
1877,-47.688747,31.499313,-51.059986,27.2001,False,False,Action.DAMAGE_HIGH_3,Action.UPSMASH,1,15,1,2,4,1,32,0,,,
1878,-47.688747,31.499313,-51.059986,27.2001,False,False,Action.DAMAGE_HIGH_3,Action.UPSMASH,1,15,1,2,4,1,32,0,,,
1879,-47.688747,31.499313,-51.059986,27.2001,False,False,Action.DAMAGE_HIGH_3,Action.UPSMASH,1,15,1,2,4,1,32,0,,,
1880,-48.847656,35.16053,-51.059986,27.2001,False,False,Action.DAMAGE_HIGH_3,Action.UPSMASH,2,16,1,2,4,1,32,0,,,
1881,-47.96821,36.457214,-51.059986,27.2001,False,False,Action.DAMAGE_HIGH_3,Action.UPSMASH,3,17,1,2,4,1,32,0,,,
1882,-47.1129,37.538975,-51.059986,27.2001,False,False,Action.DAMAGE_HIGH_3,Action.UPSMASH,4,18,1,2,4,1,32,0,,,
1883,-46.28173,38.405807,-51.059986,27.2001,False,False,Action.DAMAGE_HIGH_3,Action.UPSMASH,5,19,1,2,4,1,32,0,,,
1884,-45.4747,39.057716,-51.059986,27.2001,False,False,Action.DAMAGE_HIGH_3,Action.UPSMASH,6,20,1,2,4,1,32,0,,,
1885,-44.69181,39.494698,-51.059986,27.2001,False,False,Action.DAMAGE_HIGH_3,Action.UPSMASH,7,21,1,2,4,1,32,0,,,
1886,-43.93306,39.71676,-51.059986,27.2001,False,False,Action.DAMAGE_HIGH_3,Action.UPSMASH,8,22,1,2,4,1,32,0,,,
1887,-43.19845,39.723892,-51.059986,27.2001,False,False,Action.DAMAGE_HIGH_3,Action.UPSMASH,9,23,1,2,4,1,32,0,,,
1888,-42.487976,39.5161,-51.059986,27.2001,False,False,Action.DAMAGE_HIGH_3,Action.UPSMASH,10,24,1,2,4,1,32,0,,,
1889,-41.801647,39.093384,-51.059986,27.2001,False,False,Action.DAMAGE_HIGH_3,Action.UPSMASH,11,25,1,2,4,1,32,0,,,
1890,-41.139458,38.45574,-51.059986,27.2001,False,False,Action.DAMAGE_HIGH_3,Action.UPSMASH,12,26,1,2,4,1,32,0,,,
1891,-40.501408,37.603172,-51.059986,27.2001,False,False,Action.DAMAGE_HIGH_3,Action.UPSMASH,13,27,1,2,4,1,32,0,,,
1892,-39.887497,36.535683,-51.059986,27.2001,False,False,Action.DAMAGE_HIGH_3,Action.UPSMASH,14,28,1,2,4,1,32,0,,,
1893,-39.297726,35.253265,-51.059986,27.2001,False,False,Action.DAMAGE_HIGH_3,Action.UPSMASH,15,29,1,2,4,1,32,0,,,
1894,-38.732094,33.755924,-51.059986,27.2001,False,False,Action.DAMAGE_HIGH_3,Action.UPSMASH,16,30,1,2,4,1,32,0,,,
1895,-38.1906,32.043655,-51.059986,27.2001,False,False,Action.DAMAGE_HIGH_3,Action.UPSMASH,17,31,1,2,4,1,32,0,,,
1896,-37.67325,30.116463,-51.059986,27.2001,False,False,Action.DAMAGE_HIGH_3,Action.UPSMASH,18,32,1,2,4,1,32,0,,,
1897,-37.18004,27.974346,-51.059986,27.2001,False,False,Action.DAMAGE_HIGH_3,Action.UPSMASH,19,33,1,2,4,1,32,0,,,
1898,-36.710968,25.747303,-51.059986,27.2001,False,False,Action.DAMAGE_HIGH_3,Action.UPSMASH,20,34,1,2,4,1,32,0,,,
1899,-36.266037,27.2001,-51.059986,27.2001,False,False,Action.LANDING,Action.UPSMASH,1,35,2,2,4,1,32,0,,,
1900,-35.901104,27.2001,-51.059986,27.2001,False,False,Action.LANDING,Action.UPSMASH,2,36,2,2,4,1,32,0,,,
1901,-35.616173,27.2001,-51.059986,27.2001,False,False,Action.LANDING,Action.UPSMASH,3,37,2,2,4,1,32,0,,,
1902,-35.41124,27.2001,-51.059986,27.2001,False,False,Action.LANDING,Action.UPSMASH,4,38,2,2,4,1,32,0,,,
1903,-35.28631,27.2001,-51.059986,27.2001,False,False,Action.LANDING,Action.UPSMASH,5,39,2,2,4,1,32,0,,,
1904,-35.241375,27.2001,-51.059986,27.2001,False,False,Action.LANDING,Action.UPSMASH,6,40,2,2,4,1,32,0,,,
1905,-35.241375,27.2001,-51.059986,27.2001,False,False,Action.LANDING,Action.UPSMASH,7,41,2,2,4,1,32,0,,,
1906,-35.241375,27.2001,-51.060036,27.2001,False,False,Action.LANDING,Action.FSMASH_MID,8,1,2,2,4,1,32,0,,,
1907,-35.241375,27.2001,-51.06016,27.2001,False,False,Action.LANDING,Action.FSMASH_MID,9,2,2,2,4,1,32,0,,,
1908,-35.241375,27.2001,-51.060314,27.2001,False,False,Action.LANDING,Action.FSMASH_MID,10,3,2,2,4,1,32,0,,,
1909,-35.241375,27.2001,-51.06045,27.2001,False,False,Action.LANDING,Action.FSMASH_MID,11,4,2,2,4,1,32,0,,,
1910,-35.241375,27.2001,-51.06053,27.2001,False,False,Action.LANDING,Action.FSMASH_MID,12,5,2,2,4,1,32,0,,,
1911,-35.241375,27.2001,-51.06051,27.2001,False,False,Action.LANDING,Action.FSMASH_MID,13,6,2,2,4,1,32,0,,,
1912,-35.241375,27.2001,-51.06034,27.2001,False,False,Action.LANDING,Action.FSMASH_MID,14,7,2,2,4,1,32,0,,,
1913,-35.241375,27.2001,-51.059982,27.2001,False,False,Action.LANDING,Action.FSMASH_MID,15,8,2,2,4,1,32,0,,,
1914,-35.241375,27.2001,-52.40256,27.2001,False,False,Action.LANDING,Action.FSMASH_MID,16,9,2,2,4,1,32,0,,,
1915,-35.241375,27.2001,-53.74514,27.2001,False,False,Action.LANDING,Action.FSMASH_MID,17,10,2,2,4,1,32,0,,,
1916,-35.241375,27.2001,-55.08772,27.2001,False,False,Action.NEUTRAL_ATTACK_1,Action.FSMASH_MID,1,11,2,2,4,1,32,0,,,
1917,-35.241375,27.2001,-56.430298,27.2001,False,False,Action.NEUTRAL_ATTACK_1,Action.FSMASH_MID,2,12,2,2,4,1,32,0,,,
1918,-35.241375,27.2001,-57.600002,27.2,False,False,Action.NEUTRAL_ATTACK_1,Action.FSMASH_MID,3,13,2,2,4,1,32,0,,,
1919,-35.241375,27.2001,-57.600002,27.2,False,False,Action.NEUTRAL_ATTACK_1,Action.FSMASH_MID,4,14,2,2,4,1,32,0,,,
1920,-35.241375,27.2001,-57.600002,27.2,False,False,Action.NEUTRAL_ATTACK_1,Action.FSMASH_MID,5,15,2,2,4,1,32,0,,,
1921,-35.241375,27.2001,-57.600002,27.2,False,False,Action.NEUTRAL_ATTACK_2,Action.FSMASH_MID,1,16,2,2,4,1,32,0,,,
1922,-39.091373,27.2001,-57.600002,27.2,False,False,Action.NEUTRAL_ATTACK_2,Action.FSMASH_MID,2,17,2,2,4,1,32,0,,,
1923,-42.941372,27.2001,-57.600002,27.2,False,True,Action.NEUTRAL_ATTACK_2,Action.DAMAGE_NEUTRAL_1,3,1,2,1,4,1,32,3,,,
1924,-42.941372,27.2001,-51.75,27.2,False,True,Action.NEUTRAL_ATTACK_2,Action.DAMAGE_NEUTRAL_1,3,1,2,1,4,1,32,3,,,
1925,-42.941372,27.2001,-46.35,27.2001,False,True,Action.NEUTRAL_ATTACK_2,Action.DAMAGE_NEUTRAL_1,3,1,2,1,4,1,32,3,,,
1926,-42.941372,27.2001,-49.425,32.300102,False,True,Action.NEUTRAL_ATTACK_2,Action.DAMAGE_NEUTRAL_1,3,1,2,1,4,1,32,3,,,
1927,-42.941372,27.2001,-51.30779,35.03787,False,True,Action.NEUTRAL_ATTACK_2,Action.DAMAGE_NEUTRAL_1,4,2,2,1,4,1,32,3,,,
1928,-42.941372,27.2001,-51.62059,34.956326,False,True,Action.NEUTRAL_ATTACK_2,Action.DAMAGE_NEUTRAL_1,5,3,2,1,4,1,32,3,,,
1929,-42.941372,27.2001,-51.9009,34.605473,False,True,Action.NEUTRAL_ATTACK_2,Action.DAMAGE_NEUTRAL_1,6,4,2,1,4,1,32,3,,,
1930,-42.941372,27.2001,-52.14872,33.98531,False,True,Action.LOOPING_ATTACK_START,Action.DAMAGE_NEUTRAL_1,1,5,2,1,4,1,32,3,,,
1931,-42.941372,27.2001,-52.364048,33.095833,False,True,Action.LOOPING_ATTACK_START,Action.DAMAGE_NEUTRAL_1,2,6,2,1,4,1,32,3,,,
1932,-42.941372,27.2001,-52.546886,31.937046,False,True,Action.LOOPING_ATTACK_START,Action.DAMAGE_NEUTRAL_1,3,7,2,1,4,1,32,3,,,
1933,-42.941372,27.2001,-52.65098,28.718948,False,True,Action.LOOPING_ATTACK_START,Action.FAIR,4,1,2,1,4,1,32,3,,,
1934,-42.941372,27.2001,-52.770336,25.46154,False,True,Action.LOOPING_ATTACK_START,Action.FAIR,5,2,2,1,4,1,32,3,,,
1935,-42.941372,27.2001,-52.8072,27.2001,False,True,Action.LOOPING_ATTACK_START,Action.LANDING,6,1,2,2,4,1,32,3,,,
1936,-42.941372,27.2001,-52.812565,27.2001,False,True,Action.LOOPING_ATTACK_MIDDLE,Action.LANDING,1,2,2,2,4,1,32,3,,,
1937,-42.941372,27.2001,-52.812565,27.2001,False,True,Action.LOOPING_ATTACK_MIDDLE,Action.LANDING,2,3,2,2,4,1,32,3,,,
1938,-42.941372,27.2001,-52.812565,27.2001,False,True,Action.LOOPING_ATTACK_MIDDLE,Action.DAMAGE_HIGH_2,3,1,2,1,4,1,32,4,,,
1939,-42.941372,27.2001,-52.812565,27.2001,False,True,Action.LOOPING_ATTACK_MIDDLE,Action.DAMAGE_HIGH_2,3,1,2,1,4,1,32,4,,,
1940,-42.941372,27.2001,-57.612564,27.2001,False,True,Action.LOOPING_ATTACK_MIDDLE,Action.DAMAGE_HIGH_2,3,1,2,1,4,1,32,4,,,
1941,-42.941372,27.2001,-59.664078,25.21158,False,True,Action.LOOPING_ATTACK_MIDDLE,Action.DAMAGE_HIGH_2,4,2,2,1,4,1,32,4,,,
1942,-42.941372,27.2001,-59.93214,25.346561,False,True,Action.LOOPING_ATTACK_MIDDLE,Action.DAMAGE_HIGH_2,5,3,2,1,4,1,32,4,,,
1943,-42.941372,27.2001,-60.179253,25.205044,False,True,Action.LOOPING_ATTACK_MIDDLE,Action.DAMAGE_HIGH_2,6,4,2,1,4,1,32,4,,,
1944,-42.941372,27.2001,-60.405415,24.787027,False,True,Action.LOOPING_ATTACK_MIDDLE,Action.DAMAGE_HIGH_2,7,5,2,1,4,1,32,4,,,
1945,-42.941372,27.2001,-60.61063,24.092512,False,True,Action.LOOPING_ATTACK_MIDDLE,Action.DAMAGE_HIGH_2,8,6,2,1,4,1,32,4,,,
1946,-42.941372,27.2001,-60.794895,23.1215,False,True,Action.LOOPING_ATTACK_MIDDLE,Action.DAMAGE_HIGH_2,9,7,2,1,4,1,32,4,,,
1947,-42.941372,27.2001,-60.95821,21.873987,False,True,Action.LOOPING_ATTACK_MIDDLE,Action.DAMAGE_HIGH_2,10,8,2,1,4,1,32,4,,,
1948,-42.941372,27.2001,-61.100574,20.349976,False,True,Action.LOOPING_ATTACK_MIDDLE,Action.DAMAGE_HIGH_2,11,9,2,1,4,1,32,4,,,
1949,-42.941372,27.2001,-61.221992,18.549467,False,True,Action.LOOPING_ATTACK_MIDDLE,Action.DAMAGE_HIGH_2,12,10,2,1,4,1,32,4,,,
1950,-42.941372,27.2001,-60.77996,22.95846,False,True,Action.LOOPING_ATTACK_MIDDLE,Action.JUMPING_ARIAL_FORWARD,13,1,2,0,4,1,32,4,,,
1951,-42.941372,27.2001,-60.37898,27.090952,False,True,Action.LOOPING_ATTACK_MIDDLE,Action.JUMPING_ARIAL_FORWARD,14,2,2,0,4,1,32,4,,,
1952,-42.941372,27.2001,-60.167213,27.220947,False,False,Action.LOOPING_ATTACK_MIDDLE,Action.SWORD_DANCE_2_HIGH,15,1,2,0,4,1,32,4,,,
1953,-42.941372,27.2001,-59.984497,27.304443,False,False,Action.LOOPING_ATTACK_MIDDLE,Action.SWORD_DANCE_2_HIGH,16,2,2,0,4,1,32,4,,,
1954,-42.941372,27.2001,-59.830833,27.34144,False,True,Action.LOOPING_ATTACK_MIDDLE,Action.DAMAGE_AIR_2,17,1,2,0,4,1,32,5,,,
1955,-42.941372,27.2001,-57.205833,23.59144,False,True,Action.LOOPING_ATTACK_MIDDLE,Action.DAMAGE_AIR_2,17,1,2,0,4,1,32,5,,,
1956,-42.941372,27.2001,-60.130833,18.41644,False,True,Action.LOOPING_ATTACK_MIDDLE,Action.DAMAGE_AIR_2,17,1,2,0,4,1,32,5,,,
1957,-42.941372,27.2001,-63.26476,18.86383,False,True,Action.LOOPING_ATTACK_MIDDLE,Action.DAMAGE_AIR_2,18,2,2,0,4,1,32,5,,,
1958,-42.941372,27.2001,-63.458652,19.032488,False,True,Action.LOOPING_ATTACK_MIDDLE,Action.DAMAGE_AIR_2,19,3,2,0,4,1,32,5,,,
1959,-42.941372,27.2001,-63.637516,18.92241,False,True,Action.LOOPING_ATTACK_MIDDLE,Action.DAMAGE_AIR_2,20,4,2,0,4,1,32,5,,,
1960,-42.941372,27.2001,-63.80135,18.533596,False,True,Action.LOOPING_ATTACK_MIDDLE,Action.DAMAGE_AIR_2,21,5,2,0,4,1,32,5,,,
1961,-42.941372,27.2001,-63.95015,17.866049,False,True,Action.LOOPING_ATTACK_MIDDLE,Action.DAMAGE_AIR_2,22,6,2,0,4,1,32,5,,,
1962,-42.941372,27.2001,-64.08392,16.919767,False,True,Action.LOOPING_ATTACK_MIDDLE,Action.DAMAGE_AIR_2,23,7,2,0,4,1,32,5,,,
1963,-42.941372,27.2001,-64.20266,15.694751,False,True,Action.LOOPING_ATTACK_MIDDLE,Action.DAMAGE_AIR_2,24,8,2,0,4,1,32,5,,,
1964,-42.941372,27.2001,-64.306366,14.190999,False,True,Action.LOOPING_ATTACK_MIDDLE,Action.DAMAGE_AIR_2,25,9,2,0,4,1,32,5,,,
1965,-42.941372,27.2001,-64.39504,12.408513,False,True,Action.LOOPING_ATTACK_MIDDLE,Action.DAMAGE_AIR_2,26,10,2,0,4,1,32,5,,,
1966,-42.941372,27.2001,-64.46869,12.647292,False,False,Action.LOOPING_ATTACK_MIDDLE,Action.SWORD_DANCE_2_HIGH,27,1,2,0,4,1,32,5,,,
1967,-42.941372,27.2001,-64.527306,12.837337,False,False,Action.LOOPING_ATTACK_MIDDLE,Action.SWORD_DANCE_2_HIGH,28,2,2,0,4,1,32,5,,,
1968,-42.941372,27.2001,-64.57089,12.978646,False,False,Action.LOOPING_ATTACK_MIDDLE,Action.SWORD_DANCE_2_HIGH,29,3,2,0,4,1,32,5,,,
1969,-42.941372,27.2001,-64.59944,13.071221,False,False,Action.LOOPING_ATTACK_MIDDLE,Action.SWORD_DANCE_2_HIGH,30,4,2,0,4,1,32,5,,,
1970,-42.941372,27.2001,-64.61296,13.115062,False,False,Action.LOOPING_ATTACK_MIDDLE,Action.SWORD_DANCE_2_HIGH,31,5,2,0,4,1,32,5,,,
1971,-42.941372,27.2001,-64.61296,13.115062,False,False,Action.LOOPING_ATTACK_MIDDLE,Action.SWORD_DANCE_2_HIGH,32,6,2,0,4,1,32,5,,,
1972,-42.941372,27.2001,-64.61296,13.115062,False,False,Action.LOOPING_ATTACK_MIDDLE,Action.SWORD_DANCE_2_HIGH,33,7,2,0,4,1,32,5,,,
1973,-42.941372,27.2001,-64.61296,13.115062,False,False,Action.LOOPING_ATTACK_MIDDLE,Action.SWORD_DANCE_2_HIGH,34,8,2,0,4,1,32,5,,,
1974,-42.941372,27.2001,-64.61296,13.115062,False,False,Action.LOOPING_ATTACK_MIDDLE,Action.SWORD_DANCE_2_HIGH,35,9,2,0,4,1,32,5,,,
1975,-42.941372,27.2001,-64.61296,13.115062,False,False,Action.LOOPING_ATTACK_MIDDLE,Action.SWORD_DANCE_2_HIGH,36,10,2,0,4,1,32,5,,,
1976,-42.941372,27.2001,-64.61296,13.115062,False,False,Action.LOOPING_ATTACK_MIDDLE,Action.SWORD_DANCE_2_HIGH,1,11,2,0,4,1,32,5,,,
1977,-42.941372,27.2001,-64.61296,13.115062,False,False,Action.LOOPING_ATTACK_MIDDLE,Action.SWORD_DANCE_2_HIGH,2,12,2,0,4,1,32,5,,,
1978,-42.941372,27.2001,-64.61296,13.115062,False,False,Action.LOOPING_ATTACK_MIDDLE,Action.SWORD_DANCE_2_HIGH,3,13,2,0,4,1,32,5,,,
1979,-42.941372,27.2001,-64.61296,13.115062,False,False,Action.LOOPING_ATTACK_MIDDLE,Action.SWORD_DANCE_2_HIGH,4,14,2,0,4,1,32,5,,,
1980,-42.941372,27.2001,-64.61296,13.115062,False,False,Action.LOOPING_ATTACK_END,Action.SWORD_DANCE_2_HIGH,1,15,2,0,4,1,32,5,,,
1981,-42.941372,27.2001,-64.61296,13.098395,False,False,Action.LOOPING_ATTACK_END,Action.SWORD_DANCE_2_HIGH,2,16,2,0,4,1,32,5,,,
1982,-42.941372,27.2001,-64.61296,13.065062,False,False,Action.LOOPING_ATTACK_END,Action.SWORD_DANCE_2_HIGH,3,17,2,0,4,1,32,5,,,
1983,-42.941372,27.2001,-64.61296,13.015061,False,False,Action.LOOPING_ATTACK_END,Action.SWORD_DANCE_2_HIGH,4,18,2,0,4,1,32,5,,,
1984,-42.941372,27.2001,-64.61296,12.948395,False,False,Action.LOOPING_ATTACK_END,Action.SWORD_DANCE_2_HIGH,5,19,2,0,4,1,32,5,,,
1985,-42.941372,27.2001,-64.61296,12.948395,False,False,Action.LOOPING_ATTACK_END,Action.SWORD_DANCE_2_MID,6,1,2,0,4,1,32,5,,,
1986,-42.941372,27.2001,-66.54296,12.948395,False,False,Action.LOOPING_ATTACK_END,Action.SWORD_DANCE_3_HIGH,7,1,2,0,4,1,32,5,,,
1987,-42.941372,27.2001,-68.40296,12.948395,False,False,Action.LOOPING_ATTACK_END,Action.SWORD_DANCE_3_HIGH,8,2,2,0,4,1,32,5,,,
1988,-42.941372,27.2001,-70.19296,12.948395,False,False,Action.LOOPING_ATTACK_END,Action.SWORD_DANCE_3_HIGH,9,3,2,0,4,1,32,5,,,
1989,-42.941372,27.2001,-71.912964,12.948395,False,False,Action.STANDING,Action.SWORD_DANCE_3_HIGH,1,4,2,0,4,1,32,5,,,
1990,-42.941372,27.2001,-73.562965,12.948395,False,False,Action.STANDING,Action.SWORD_DANCE_3_HIGH,2,5,2,0,4,1,32,5,,,
1991,-42.941372,27.2001,-75.14297,12.868395,False,False,Action.STANDING,Action.SWORD_DANCE_3_HIGH,3,6,2,0,4,1,32,5,,,
1992,-42.941372,27.2001,-76.65297,12.708395,False,False,Action.STANDING,Action.SWORD_DANCE_3_HIGH,4,7,2,0,4,1,32,5,,,
1993,-42.941372,27.2001,-78.09297,12.468395,False,False,Action.STANDING,Action.SWORD_DANCE_3_HIGH,5,8,2,0,4,1,32,5,,,
1994,-42.941372,27.2001,-79.462975,12.148396,False,False,Action.STANDING,Action.SWORD_DANCE_3_HIGH,6,9,2,0,4,1,32,5,,,
1995,-42.941372,27.2001,-80.76298,11.748396,False,False,Action.STANDING,Action.SWORD_DANCE_3_HIGH,7,10,2,0,4,1,32,5,,,
1996,-42.941372,27.2001,-81.99297,11.268396,False,False,Action.STANDING,Action.SWORD_DANCE_3_HIGH,8,11,2,0,4,1,32,5,,,
1997,-42.941372,27.2001,-83.15297,10.708397,False,False,Action.STANDING,Action.SWORD_DANCE_3_HIGH,9,12,2,0,4,1,32,5,,,
1998,-42.941372,27.2001,-84.242966,10.068397,False,False,Action.STANDING,Action.SWORD_DANCE_3_HIGH,10,13,2,0,4,1,32,5,,,
1999,-42.941372,27.2001,-85.26296,9.348396,False,False,Action.STANDING,Action.SWORD_DANCE_3_HIGH,11,14,2,0,4,1,32,5,,,
2000,-42.941372,27.2001,-86.21296,8.548396,False,False,Action.CROUCH_START,Action.SWORD_DANCE_3_HIGH,1,15,2,0,4,1,32,5,,,
2001,-42.941372,27.2001,-87.09296,7.668396,False,False,Action.CROUCH_START,Action.SWORD_DANCE_3_HIGH,2,16,2,0,4,1,32,5,,,
2002,-42.941372,27.2001,-87.902954,6.708396,False,False,Action.CROUCH_START,Action.SWORD_DANCE_3_HIGH,3,17,2,0,4,1,32,5,,,
2003,-42.941372,26.5301,-88.64295,5.668396,False,False,Action.PLATFORM_DROP,Action.SWORD_DANCE_3_HIGH,0,18,1,0,4,1,32,5,,,
2004,-42.941372,25.6901,-89.31295,4.548396,False,False,Action.PLATFORM_DROP,Action.SWORD_DANCE_3_HIGH,1,19,1,0,4,1,32,5,,,
2005,-42.941372,24.6801,-89.91295,3.3483963,False,False,Action.PLATFORM_DROP,Action.SWORD_DANCE_3_HIGH,2,20,1,0,4,1,32,5,,,
2006,-42.941372,23.5001,-90.44295,2.0683963,False,False,Action.PLATFORM_DROP,Action.SWORD_DANCE_3_HIGH,3,21,1,0,4,1,32,5,,,
2007,-43.010983,22.150099,-90.90295,0.7083963,False,False,Action.PLATFORM_DROP,Action.SWORD_DANCE_3_HIGH,4,22,1,0,4,1,32,5,,,
2008,-43.1502,20.630098,-91.292946,-0.73160374,False,False,Action.PLATFORM_DROP,Action.SWORD_DANCE_3_HIGH,5,23,1,0,4,1,32,5,,,
2009,-43.359028,18.940098,-91.612946,-2.2516038,False,False,Action.PLATFORM_DROP,Action.SWORD_DANCE_3_HIGH,6,24,1,0,4,1,32,5,,,
2010,-43.637466,17.080097,-91.862946,-3.851604,False,False,Action.PLATFORM_DROP,Action.SWORD_DANCE_3_HIGH,7,25,1,0,4,1,32,5,,,
2011,-43.98551,15.050097,-92.042946,-5.5316043,False,False,Action.PLATFORM_DROP,Action.SWORD_DANCE_3_HIGH,8,26,1,0,4,1,32,5,,,
2012,-44.403168,12.850098,-92.15295,-7.2916045,False,False,Action.PLATFORM_DROP,Action.SWORD_DANCE_3_HIGH,9,27,1,0,4,1,32,5,,,
2013,-44.890434,10.480098,-92.19295,-9.131605,False,False,Action.PLATFORM_DROP,Action.SWORD_DANCE_3_HIGH,10,28,1,0,4,1,32,5,,,
2014,-45.447308,7.940098,-92.19295,-11.051605,False,False,Action.PLATFORM_DROP,Action.SWORD_DANCE_3_HIGH,11,29,1,0,4,1,32,5,,,
2015,-46.07379,5.230098,-92.19295,-13.051605,False,False,Action.PLATFORM_DROP,Action.SWORD_DANCE_3_HIGH,12,30,1,0,4,1,32,5,,,
2016,-46.769886,2.3500977,-92.19295,-15.131605,False,False,Action.PLATFORM_DROP,Action.SWORD_DANCE_3_HIGH,13,31,1,0,4,1,32,5,,,
2017,-47.53559,-0.69990253,-92.19295,-17.291605,False,False,Action.PLATFORM_DROP,Action.SWORD_DANCE_3_HIGH,14,32,1,0,4,1,32,5,,,
2018,-48.359108,-3.7999024,-92.19295,-19.531605,False,False,Action.PLATFORM_DROP,Action.SWORD_DANCE_3_HIGH,15,33,1,0,4,1,32,5,,,
2019,-49.182625,0.0001001358,-92.19295,-21.851604,False,False,Action.LANDING,Action.SWORD_DANCE_3_HIGH,1,34,2,0,4,1,32,5,,,
2020,-49.92614,1e-04,-92.19295,-24.251604,False,False,Action.LANDING,Action.SWORD_DANCE_3_HIGH,2,35,2,0,4,1,32,5,,,
2021,-50.589657,1e-04,-92.19295,-26.731604,False,False,Action.LANDING,Action.SWORD_DANCE_3_HIGH,3,36,2,0,4,1,32,5,,,
2022,-51.173172,1e-04,-92.19295,-29.291603,False,False,Action.LANDING,Action.SWORD_DANCE_3_HIGH,4,37,2,0,4,1,32,5,,,
2023,-51.795357,1e-04,-92.19295,-31.931602,False,False,Action.WALK_MIDDLE,Action.SWORD_DANCE_3_HIGH,1,38,2,0,4,1,32,5,,,
2024,-52.451267,1e-04,-92.19295,-34.651604,False,False,Action.WALK_MIDDLE,Action.SWORD_DANCE_3_HIGH,2,39,2,0,4,1,32,5,,,
2025,-53.13659,1e-04,-92.19295,-37.451603,False,False,Action.WALK_MIDDLE,Action.SWORD_DANCE_3_HIGH,3,40,2,0,4,1,32,5,,,
2026,-53.8463,1e-04,-92.12344,-40.251602,False,False,Action.WALK_MIDDLE,Action.DEAD_FALL,4,1,2,0,4,1,32,5,,,
2027,-54.57726,1e-04,-91.99944,-43.0516,False,False,Action.WALK_MIDDLE,Action.DEAD_FALL,5,2,2,0,4,1,32,5,,,
2028,-55.32674,1e-04,-91.830696,-45.8516,False,False,Action.WALK_MIDDLE,Action.DEAD_FALL,6,3,2,0,4,1,32,5,,,
2029,-56.092358,1e-04,-91.723946,-49.251602,False,False,Action.WALK_MIDDLE,Action.DEAD_FALL,7,4,2,0,4,1,32,5,,,
2030,-56.87204,1e-04,-91.6372,-52.651604,False,False,Action.WALK_MIDDLE,Action.DEAD_FALL,9,5,2,0,4,1,32,5,,,
2031,-57.57172,1e-04,-91.4892,-56.051605,False,False,Action.STANDING,Action.DEAD_FALL,1,6,2,0,4,1,32,5,,,
2032,-58.191402,1e-04,-91.39345,-59.451607,False,False,Action.STANDING,Action.DEAD_FALL,2,7,2,0,4,1,32,5,,,
2033,-58.731083,1e-04,-91.359695,-62.85161,False,False,Action.STANDING,Action.DEAD_FALL,3,8,2,0,4,1,32,5,,,
2034,-59.190765,1e-04,-91.371445,-66.25161,False,False,Action.STANDING,Action.DEAD_FALL,4,1,2,0,4,1,32,5,,,
2035,-59.570446,1e-04,-91.4452,-69.65161,False,False,Action.STANDING,Action.DEAD_FALL,5,2,2,0,4,1,32,5,,,
2036,-59.87013,1e-04,-91.59595,-73.05161,False,False,Action.STANDING,Action.DEAD_FALL,6,3,2,0,4,1,32,5,,,
2037,-60.08981,1e-04,-91.8087,-76.451614,False,False,Action.STANDING,Action.DEAD_FALL,7,4,2,0,4,1,32,5,,,
2038,-60.229492,1e-04,-92.0917,-79.851616,False,False,Action.STANDING,Action.DEAD_FALL,8,5,2,0,4,1,32,5,,,
2039,-60.289173,1e-04,-92.4367,-83.25162,False,False,Action.STANDING,Action.DEAD_FALL,9,6,2,0,4,1,32,5,,,
2040,-60.289173,1e-04,-92.84445,-86.65162,False,False,Action.STANDING,Action.DEAD_FALL,10,7,2,0,4,1,32,5,,,
2041,-60.289173,1e-04,-93.18495,-90.05162,False,False,Action.STANDING,Action.DEAD_FALL,11,8,2,0,4,1,32,5,,,
2042,-60.289173,1e-04,-93.60095,-93.45162,False,False,Action.STANDING,Action.DEAD_FALL,12,1,2,0,4,1,32,5,,,
2043,-60.289173,1e-04,-94.08045,-96.85162,False,False,Action.STANDING,Action.DEAD_FALL,13,2,2,0,4,1,32,5,,,
2044,-60.289173,1e-04,-94.5167,-100.251625,False,False,Action.STANDING,Action.DEAD_FALL,14,3,2,0,4,1,32,5,,,
2045,-60.289173,1e-04,-94.8737,-103.65163,False,False,Action.STANDING,Action.DEAD_FALL,15,4,2,0,4,1,32,5,,,
2046,-60.289173,1e-04,-95.281456,-107.05163,False,False,Action.STANDING,Action.DEAD_FALL,16,5,2,0,4,1,32,5,,,
2047,-60.289173,1e-04,-95.669205,-110.45163,False,False,Action.STANDING,Action.DEAD_DOWN,17,-1,2,0,4,0,32,5,,,
